473 4
1 0 12 0 
2 0 10 0 
3 0 13 0 
4 0 7 0 
5 0 9 0 
6 0 2 0 
7 0 12 0 
8 0 2 0 
9 0 12 0 
10 0 2 0 
11 1 16 1 7 
12 0 3 0 
13 0 11 0 
14 0 9 0 
15 0 9 0 
16 1 6 1 12 
17 0 1 0 
18 0 12 0 
19 0 18 0 
20 0 5 0 
21 0 5 0 
22 0 17 0 
23 0 13 0 
24 1 16 1 2 
25 0 10 0 
26 1 10 1 7 
27 1 10 1 21 
28 1 5 2 15 20 
29 1 6 1 12 
30 0 16 0 
31 0 5 0 
32 0 14 0 
33 0 6 0 
34 0 21 0 
35 1 4 1 23 
36 2 7 1 27 
37 0 11 0 
38 1 11 2 25 31 
39 0 6 0 
40 0 6 0 
41 2 10 1 26 
42 1 15 1 31 
43 0 8 0 
44 0 9 0 
45 1 21 1 43 
46 2 4 1 38 
47 0 7 0 
48 0 18 0 
49 1 8 1 31 
50 2 15 2 21 24 
51 1 10 1 13 
52 0 7 0 
53 0 7 0 
54 1 20 2 48 53 
55 2 9 1 28 
56 3 8 1 41 
57 2 18 2 13 28 
58 0 4 0 
59 0 14 0 
60 0 10 0 
61 0 11 0 
62 2 14 1 11 
63 3 25 2 40 46 
64 2 8 1 16 
65 0 8 0 
66 0 4 0 
67 0 5 0 
68 1 11 3 4 30 44 
69 0 1 0 
70 1 8 1 9 
71 0 9 0 
72 1 5 1 33 
73 0 5 0 
74 1 8 2 14 67 
75 0 7 0 
76 0 7 0 
77 0 10 0 
78 2 10 3 35 43 51 
79 1 18 1 8 
80 3 5 1 41 
81 0 1 0 
82 2 6 3 11 48 77 
83 0 10 0 
84 3 7 4 41 45 57 83 
85 1 13 1 8 
86 1 9 1 1 
87 1 9 1 2 
88 3 8 2 8 55 
89 1 14 1 13 
90 0 17 0 
91 1 9 2 8 77 
92 2 11 5 13 22 58 75 91 
93 0 10 0 
94 0 3 0 
95 0 16 0 
96 0 15 0 
97 1 6 1 3 
98 1 7 1 81 
99 4 12 2 14 84 
100 4 7 4 3 44 73 84 
101 2 8 2 66 86 
102 1 2 1 81 
103 1 15 1 23 
104 2 12 1 38 
105 2 11 3 22 73 79 
106 1 5 1 81 
107 0 8 0 
108 0 14 0 
109 4 10 1 84 
110 2 16 1 89 
111 4 9 2 52 88 
112 2 15 2 8 72 
113 2 18 3 1 24 27 
114 4 15 2 60 84 
115 3 14 2 91 110 
116 1 15 1 3 
117 1 7 3 10 90 94 
118 5 9 2 50 114 
119 3 12 1 41 
120 4 4 2 8 80 
121 2 9 3 35 48 81 
122 2 9 2 3 29 
123 3 18 2 41 106 
124 2 7 1 98 
125 1 4 2 33 44 
126 4 2 1 123 
127 5 14 3 19 97 120 
128 2 7 1 86 
129 0 13 0 
130 2 6 4 43 61 85 117 
131 5 10 5 27 52 82 91 114 
132 1 14 3 44 53 107 
133 0 8 0 
134 5 8 1 111 
135 3 25 2 65 130 
136 0 10 0 
137 1 5 1 61 
138 6 15 6 13 94 113 123 131 132 
139 5 11 2 5 126 
140 1 6 2 71 77 
141 3 10 3 27 96 121 
142 2 12 3 13 20 137 
143 6 1 2 47 134 
144 5 10 1 109 
145 0 21 0 
146 2 2 2 97 102 
147 3 8 2 91 130 
148 3 7 4 50 51 54 66 
149 2 14 1 29 
150 2 6 1 28 
151 5 14 1 126 
152 5 14 1 120 
153 1 20 1 13 
154 4 5 1 84 
155 6 13 3 2 23 139 
156 6 7 4 33 74 131 152 
157 3 18 6 23 40 75 96 121 140 
158 7 9 4 21 66 109 155 
159 5 5 5 55 57 74 77 114 
160 1 15 2 3 48 
161 4 5 2 88 124 
162 2 5 1 137 
163 2 10 4 24 45 60 93 
164 2 2 2 33 79 
165 6 7 3 10 42 144 
166 5 4 5 22 84 101 126 163 
167 3 17 1 78 
168 6 10 5 4 7 23 137 144 
169 3 14 1 122 
170 1 6 1 2 
171 3 11 2 31 82 
172 2 7 2 40 89 
173 3 1 3 5 25 105 
174 6 8 3 12 130 159 
175 3 18 7 3 8 23 40 62 74 75 
176 6 6 2 36 144 
177 6 8 2 61 134 
178 1 11 1 53 
179 7 12 4 99 123 156 170 
180 5 9 3 22 54 154 
181 3 17 1 122 
182 2 9 7 18 29 35 37 44 53 75 
183 1 4 1 48 
184 6 4 5 29 59 140 144 147 
185 1 12 2 60 145 
186 4 14 3 2 60 63 
187 4 19 3 44 63 136 
188 7 19 4 59 72 156 181 
189 6 15 3 72 132 159 
190 2 4 3 44 83 140 
191 0 8 0 
192 2 10 1 11 
193 4 10 5 3 56 62 133 190 
194 1 10 1 44 
195 4 6 1 63 
196 4 6 4 10 56 157 160 
197 3 5 2 67 104 
198 8 5 5 64 65 71 88 158 
199 5 21 4 9 62 96 120 
200 3 13 4 11 36 75 113 
201 1 12 2 81 94 
202 5 8 5 17 22 47 147 195 
203 6 5 5 19 139 167 186 197 
204 3 12 5 10 46 49 74 164 
205 5 10 4 5 17 57 187 
206 5 11 2 81 111 
207 7 4 4 23 105 139 177 
208 9 5 5 5 89 162 193 198 
209 6 8 3 105 162 205 
210 3 13 2 41 92 
211 6 14 2 102 159 
212 0 9 0 
213 0 21 0 
214 9 5 3 10 79 198 
215 2 10 2 48 125 
216 4 5 2 14 63 
217 3 6 2 48 163 
218 0 5 0 
219 3 17 3 64 77 116 
220 5 13 5 26 40 106 154 201 
221 1 7 3 7 48 83 
222 7 8 6 69 140 155 156 194 195 
223 5 12 9 19 65 68 72 99 108 110 170 191 
224 5 16 2 119 187 
225 3 10 1 62 
226 4 12 2 37 148 
227 8 22 3 57 131 179 
228 6 9 7 30 37 50 62 136 167 220 
229 3 1 6 11 15 41 57 85 90 
230 4 5 3 19 88 140 
231 7 13 7 44 92 167 174 180 193 218 
232 5 4 2 126 230 
233 8 17 3 64 173 207 
234 2 13 3 34 65 85 
235 9 9 6 57 139 143 184 198 212 
236 7 2 4 136 172 177 199 
237 6 15 4 22 25 134 182 
238 4 11 3 12 190 225 
239 4 1 3 38 133 169 
240 9 9 2 192 227 
241 5 5 3 141 150 239 
242 4 7 4 3 90 225 234 
243 8 10 6 108 124 164 216 222 242 
244 7 8 2 147 189 
245 0 6 0 
246 7 16 6 41 92 138 149 216 242 
247 1 9 2 21 61 
248 4 2 2 200 215 
249 5 7 6 17 56 66 73 183 239 
250 6 6 3 8 59 199 
251 5 3 1 154 
252 7 12 6 34 37 87 88 143 219 
253 6 10 5 127 132 186 192 204 
254 6 9 3 18 29 199 
255 8 9 3 105 182 236 
256 9 18 5 6 9 169 177 198 
257 5 9 4 28 65 133 248 
258 2 18 2 68 133 
259 8 4 5 76 79 82 200 236 
260 2 19 2 42 65 
261 6 13 4 29 152 196 200 
262 6 6 2 151 185 
263 7 19 6 71 164 175 180 195 261 
264 7 13 6 95 119 125 129 176 225 
265 3 17 3 39 51 122 
266 4 8 3 136 171 247 
267 6 4 4 34 62 77 241 
268 8 15 7 27 63 142 172 224 238 244 
269 3 7 4 7 69 102 104 
270 4 13 2 86 115 
271 8 9 5 12 23 125 127 252 
272 4 10 3 50 123 204 
273 5 8 4 47 116 242 272 
274 3 8 4 10 22 41 125 
275 3 17 5 13 36 68 105 172 
276 8 17 3 39 142 231 
277 3 6 4 9 96 145 150 
278 4 10 6 7 57 80 85 97 104 
279 8 5 6 33 39 209 228 252 254 
280 7 10 4 88 99 156 166 
281 6 1 6 21 25 37 134 140 251 
282 4 8 4 54 82 123 181 
283 9 15 3 212 227 270 
284 8 3 4 27 59 128 179 
285 9 10 6 102 170 185 232 249 271 
286 9 14 8 34 104 116 149 205 211 212 279 
287 4 6 4 77 88 129 212 
288 0 10 0 
289 5 4 9 20 32 67 72 100 102 109 219 229 
290 8 6 5 112 121 138 154 244 
291 9 14 5 57 145 164 220 255 
292 6 11 5 71 148 192 202 247 
293 7 6 3 28 189 218 
294 10 13 3 219 280 285 
295 9 22 5 20 157 213 268 272 
296 7 13 5 33 136 149 163 250 
297 8 13 2 47 296 
298 5 10 3 77 173 216 
299 7 9 6 11 112 140 143 218 241 
300 1 6 2 6 218 
301 9 10 6 57 118 167 182 188 279 
302 9 11 2 185 233 
303 7 16 3 6 103 292 
304 5 13 2 76 230 
305 7 15 3 132 164 203 
306 5 17 3 16 157 282 
307 2 16 3 45 61 73 
308 9 12 6 42 105 122 129 155 279 
309 6 1 7 29 40 49 124 154 206 304 
310 3 7 1 146 
311 7 8 7 46 67 81 88 191 220 292 
312 8 1 5 70 124 170 184 303 
313 10 16 3 53 115 301 
314 8 11 7 42 104 110 181 251 296 300 
315 8 10 3 48 263 277 
316 10 15 9 23 86 118 133 139 245 274 308 315 
317 0 14 0 
318 3 13 2 122 194 
319 9 6 4 3 90 115 314 
320 11 7 9 79 99 124 138 153 166 256 303 316 
321 8 17 5 60 138 213 223 303 
322 10 6 8 91 120 143 146 225 230 240 321 
323 8 15 4 121 130 236 238 
324 0 7 0 
325 10 13 5 67 68 207 260 295 
326 9 17 5 27 44 55 280 290 
327 10 7 5 60 203 232 238 283 
328 7 10 4 76 156 211 254 
329 6 10 1 298 
330 11 10 5 25 64 163 221 322 
331 0 4 0 
332 7 20 10 76 86 134 142 174 175 181 194 262 306 
333 11 14 7 31 53 76 106 214 248 327 
334 8 11 7 22 74 82 107 129 238 332 
335 7 11 2 98 156 
336 9 7 6 159 172 260 264 270 271 
337 10 13 6 32 91 141 186 204 302 
338 8 18 2 106 305 
339 8 20 6 66 123 164 246 265 287 
340 9 5 6 21 62 106 117 202 279 
341 5 9 3 51 210 287 
342 9 3 9 17 59 90 111 112 196 238 307 315 
343 10 10 8 81 96 169 196 204 215 283 312 
344 9 6 4 147 215 265 290 
345 6 11 3 110 220 265 
346 10 10 7 30 96 109 213 221 259 291 
347 8 18 6 12 15 184 187 203 303 
348 10 13 4 78 146 291 340 
349 10 12 5 9 130 172 240 335 
350 9 7 9 20 87 152 153 170 191 200 203 323 
351 10 15 5 57 213 240 272 324 
352 9 7 2 292 338 
353 8 9 4 49 215 252 273 
354 7 16 4 23 151 170 267 
355 8 6 4 164 165 296 331 
356 10 3 6 2 18 71 233 309 350 
357 8 4 8 57 83 110 113 176 199 231 324 
358 9 13 4 31 252 290 323 
359 9 1 5 17 92 164 258 334 
360 9 11 4 47 177 233 278 
361 10 7 6 34 98 110 140 235 253 
362 9 7 9 6 17 58 99 158 191 206 289 355 
363 10 15 7 86 105 155 167 179 259 295 
364 11 10 10 11 35 68 87 88 160 204 256 259 327 
365 11 13 6 129 204 262 289 303 327 
366 10 16 5 116 152 183 287 308 
367 4 19 5 128 130 200 201 215 
368 10 14 11 5 9 40 163 179 187 206 214 215 230 324 
369 8 9 4 30 81 194 296 
370 7 8 3 45 113 156 
371 11 7 7 170 199 208 246 298 311 313 
372 9 14 4 56 74 108 355 
373 3 12 4 54 77 145 162 
374 11 13 7 34 66 118 291 321 332 343 
375 12 15 4 78 155 240 374 
376 7 12 5 101 110 138 145 281 
377 9 15 7 134 199 224 241 339 354 376 
378 6 8 4 32 120 226 232 
379 10 22 6 36 88 170 218 235 269 
380 10 14 4 137 203 221 342 
381 9 11 6 16 32 47 153 180 255 
382 10 21 8 33 52 103 176 219 229 362 367 
383 11 10 5 282 297 299 311 343 
384 12 14 7 16 182 219 242 287 307 364 
385 8 12 3 81 88 231 
386 11 6 12 14 44 96 118 142 184 271 272 310 321 337 379 
387 9 9 8 39 47 72 106 172 196 253 315 
388 11 13 3 37 269 368 
389 11 6 11 2 31 68 154 273 297 322 334 362 367 385 
390 10 21 7 30 40 60 70 171 283 317 
391 9 8 7 39 49 132 176 186 290 293 
392 12 9 9 63 87 138 142 151 191 251 304 371 
393 10 6 7 45 91 150 155 170 197 286 
394 9 15 6 11 115 241 265 314 355 
395 10 7 5 147 148 235 286 306 
396 8 19 7 15 24 36 133 166 236 287 
397 12 11 7 52 93 168 197 264 291 386 
398 11 4 5 19 263 303 304 390 
399 9 12 6 22 196 212 258 263 347 
400 8 2 7 32 40 54 109 135 274 280 
401 11 6 8 75 132 222 227 230 254 325 363 
402 8 2 4 145 146 174 311 
403 11 12 10 38 55 85 139 141 150 193 317 368 370 
404 12 6 9 22 29 48 55 107 108 134 229 398 
405 11 10 10 29 50 191 211 224 243 278 317 395 400 
406 9 6 6 52 85 201 239 324 355 
407 10 1 5 13 141 157 186 340 
408 13 12 5 124 272 338 392 393 
409 10 11 4 63 116 152 406 
410 11 4 3 309 310 325 
411 14 10 8 21 24 90 236 318 331 354 408 
412 10 11 2 214 318 
413 11 4 5 233 338 347 363 395 
414 8 7 4 117 280 335 341 
415 11 17 6 60 90 115 349 353 414 
416 12 2 7 56 184 288 303 352 379 413 
417 12 10 7 53 157 179 195 285 346 401 
418 10 18 3 13 208 234 
419 12 11 9 109 114 162 178 200 206 311 315 364 
420 10 10 6 10 92 132 259 303 399 
421 10 11 7 21 63 165 172 251 256 270 
422 11 13 8 79 99 200 201 235 260 373 407 
423 10 13 5 9 35 90 218 295 
424 15 7 8 59 121 214 223 224 259 309 411 
425 11 5 6 15 144 247 253 331 393 
426 13 8 8 98 154 164 196 248 262 288 397 
427 12 4 13 43 52 169 171 175 232 240 242 245 247 249 290 415 
428 16 4 5 230 234 336 402 424 
429 6 16 5 24 127 137 149 251 
430 11 9 8 108 163 175 192 202 229 331 418 
431 11 12 7 41 96 232 289 342 356 407 
432 8 15 4 69 116 179 248 
433 14 9 7 59 83 90 126 317 359 426 
434 10 12 5 38 39 123 133 359 
435 6 18 4 91 157 206 298 
436 10 10 3 47 128 256 
437 10 10 9 85 87 126 187 201 235 255 258 287 
438 11 5 7 57 67 206 251 258 276 294 
439 11 6 10 13 37 128 131 173 241 283 335 344 346 
440 4 7 6 2 10 14 21 76 197 
441 12 8 7 22 125 277 353 361 371 418 
442 8 10 7 120 132 280 292 296 373 440 
443 12 6 8 16 184 217 274 297 403 429 430 
444 12 18 9 38 57 85 116 134 151 308 379 425 
445 13 11 4 131 184 356 419 
446 12 3 6 117 264 265 311 317 386 
447 13 10 8 19 125 139 189 237 329 409 446 
448 10 11 9 1 14 117 154 159 262 306 358 396 
449 9 14 7 92 106 176 188 353 369 432 
450 11 4 9 19 83 139 164 174 274 322 366 414 
451 11 5 5 163 251 275 292 337 
452 13 11 5 205 366 410 412 416 
453 10 3 4 4 25 293 308 
454 9 4 2 158 400 
455 10 10 5 8 34 268 301 319 
456 12 7 12 71 76 87 114 151 172 185 249 335 361 389 442 
457 8 6 7 8 23 130 148 229 303 329 
458 12 7 6 32 56 66 172 423 438 
459 13 8 6 76 96 120 230 287 375 
460 11 11 10 49 61 75 88 202 212 234 378 382 407 
461 10 12 4 89 187 241 360 
462 12 10 8 74 135 147 198 271 296 310 364 
463 11 6 7 46 171 187 206 348 353 380 
464 12 12 6 172 220 298 360 362 438 
465 12 4 7 16 51 86 174 176 359 371 
466 9 15 2 64 314 
467 11 10 9 58 78 81 162 240 261 274 328 461 
468 10 12 2 188 319 
469 11 10 6 160 247 285 311 352 420 
470 12 9 7 181 250 399 400 425 439 460 
471 12 10 12 6 23 49 100 229 230 278 318 359 383 394 423 
472 14 1 6 121 149 336 445 459 466 
473 9 6 3 238 241 338 
