452 20
1 0 6 0 
2 0 3 0 
3 0 12 0 
4 0 12 0 
5 0 9 0 
6 1 5 1 5 
7 0 5 0 
8 1 11 1 2 
9 0 10 0 
10 1 9 1 5 
11 0 9 0 
12 0 12 0 
13 0 5 0 
14 0 12 0 
15 2 7 3 2 10 12 
16 0 15 0 
17 3 1 1 15 
18 0 8 0 
19 0 22 0 
20 0 10 0 
21 2 9 3 6 14 16 
22 1 12 1 19 
23 0 15 0 
24 4 8 2 17 19 
25 1 9 1 7 
26 0 19 0 
27 1 12 1 26 
28 0 7 0 
29 0 1 0 
30 1 13 3 1 13 28 
31 5 11 3 11 15 24 
32 5 8 1 24 
33 5 13 3 18 22 24 
34 6 4 2 26 31 
35 1 9 2 2 9 
36 6 15 1 31 
37 7 11 3 17 32 34 
38 2 18 3 12 16 35 
39 6 7 4 18 20 25 31 
40 1 8 1 13 
41 3 12 3 12 21 30 
42 4 14 1 17 
43 4 13 2 10 41 
44 6 7 3 2 31 40 
45 6 10 1 31 
46 5 11 3 5 27 42 
47 5 9 4 4 8 27 43 
48 2 12 1 8 
49 1 11 2 9 11 
50 6 17 2 33 43 
51 2 10 3 6 16 20 
52 6 6 3 6 31 42 
53 2 12 1 27 
54 7 7 5 6 14 32 36 48 
55 2 17 2 27 30 
56 6 10 3 5 33 53 
57 8 6 4 21 37 50 56 
58 9 4 3 40 43 57 
59 7 10 5 12 13 44 47 49 
60 2 4 3 8 20 29 
61 9 6 4 4 5 38 57 
62 8 12 4 17 31 43 54 
63 5 9 2 42 49 
64 1 9 2 9 26 
65 7 5 2 34 45 
66 3 3 2 30 53 
67 7 9 3 10 52 55 
68 2 3 1 35 
69 6 11 3 43 51 63 
70 6 6 4 31 40 51 60 
71 3 7 2 21 49 
72 6 14 4 17 22 32 46 
73 6 3 3 4 31 35 
74 7 10 3 30 45 60 
75 10 18 3 14 25 58 
76 8 8 3 24 50 74 
77 0 14 0 
78 8 3 4 27 37 40 66 
79 4 11 3 11 14 17 
80 10 13 4 15 28 58 78 
81 10 17 5 2 25 55 61 74 
82 7 14 2 34 46 
83 2 9 2 6 19 
84 5 21 5 12 17 43 64 66 
85 8 12 5 18 37 43 53 64 
86 11 14 6 16 22 42 65 67 81 
87 8 16 2 2 65 
88 5 3 5 1 2 13 19 43 
89 10 9 6 3 7 61 65 74 84 
90 11 4 7 2 4 20 25 38 53 89 
91 9 9 1 62 
92 8 10 3 30 65 69 
93 9 12 3 14 41 78 
94 12 10 5 21 40 48 60 90 
95 9 3 4 11 30 32 76 
96 2 15 3 11 25 28 
97 8 5 1 37 
98 13 8 3 75 81 94 
99 12 15 7 15 40 56 69 72 90 91 
100 12 13 7 10 24 29 41 69 79 90 
101 9 8 6 10 32 51 57 68 92 
102 8 16 5 11 20 64 65 69 
103 12 11 4 1 13 39 90 
104 2 4 8 2 3 4 5 14 28 29 49 
105 11 10 2 22 80 
106 0 6 0 
107 11 13 5 4 32 52 89 93 
108 11 22 5 21 44 55 75 97 
109 12 15 5 36 45 46 59 90 
110 9 16 7 3 6 19 31 55 69 97 
111 8 9 5 9 22 52 65 84 
112 10 22 6 34 51 77 84 85 91 
113 13 12 2 94 109 
114 11 5 6 19 37 46 63 79 80 
115 12 10 6 7 19 53 67 72 108 
116 12 12 3 33 108 110 
117 13 5 8 29 31 38 56 79 80 84 115 
118 12 19 4 47 101 112 114 
119 13 19 10 3 5 44 51 77 80 95 103 107 111 
120 14 7 5 73 95 98 100 101 
121 14 1 4 39 91 110 117 
122 14 16 4 56 66 96 119 
123 15 11 6 44 76 78 81 106 121 
124 13 5 3 13 94 109 
125 15 9 6 26 51 60 99 117 120 
126 14 2 6 29 32 68 82 98 102 
127 14 20 11 10 18 22 26 42 49 62 70 79 119 124 
128 12 5 6 25 29 46 54 56 107 
129 10 23 4 20 84 87 110 
130 16 20 8 10 57 66 74 77 92 102 125 
131 9 1 7 13 23 33 37 52 83 92 
132 16 10 10 6 39 59 63 70 86 87 98 116 125 
133 12 17 9 5 7 26 57 66 82 86 102 105 
134 9 17 8 25 44 47 71 76 79 83 88 
135 13 11 5 25 42 60 80 109 
136 14 13 6 4 41 55 88 97 119 
137 16 3 5 5 41 65 123 124 
138 17 4 10 15 36 38 74 92 108 121 126 132 137 
139 18 11 5 56 59 86 89 138 
140 15 8 6 28 52 58 63 74 121 
141 14 9 9 12 49 54 66 73 82 102 119 124 
142 15 7 7 18 21 67 79 83 106 122 
143 8 9 4 37 39 82 104 
144 13 11 8 26 33 58 69 79 86 96 118 
145 13 11 5 21 27 33 100 103 
146 12 8 7 44 62 71 76 79 107 129 
147 18 11 4 27 93 138 143 
148 14 10 7 15 18 28 91 107 108 124 
149 18 7 5 45 51 78 138 141 
150 16 6 7 62 97 99 129 133 140 142 
151 19 14 12 4 50 66 97 100 101 105 114 117 123 124 147 
152 17 7 6 24 47 115 124 128 130 
153 15 12 6 10 52 55 90 98 141 
154 10 6 3 4 95 131 
155 16 9 6 45 56 78 97 133 142 
156 12 7 4 18 53 81 105 
157 17 13 6 22 44 90 128 137 140 
158 20 2 4 89 109 119 151 
159 13 9 4 7 57 88 99 
160 17 1 5 47 94 132 153 159 
161 16 11 5 64 100 105 123 153 
162 14 10 6 50 62 68 72 84 113 
163 19 10 10 36 38 50 59 60 68 80 87 95 147 
164 13 21 4 9 41 79 115 
165 20 7 8 4 42 71 85 105 111 115 163 
166 20 7 6 71 81 93 109 150 151 
167 14 13 8 33 37 52 55 74 91 106 119 
168 5 1 2 1 43 
169 18 3 7 2 3 54 91 118 146 160 
170 17 11 6 27 94 107 130 132 141 
171 14 12 7 43 51 52 73 93 114 164 
172 14 16 5 40 98 108 110 111 
173 14 15 5 9 31 98 113 124 
174 16 8 8 15 47 56 72 86 94 108 123 
175 19 8 6 12 72 86 89 123 147 
176 20 8 9 22 42 44 48 104 107 130 136 151 
177 17 10 7 65 67 69 74 98 146 155 
178 19 10 4 24 99 124 149 
179 15 10 8 13 23 49 52 57 90 126 156 
180 17 3 6 66 72 88 113 131 132 
181 19 7 9 1 16 56 104 105 119 129 149 172 
182 16 11 7 9 70 115 136 142 154 159 
183 19 10 10 8 30 72 76 79 102 125 149 156 182 
184 20 12 5 36 151 156 177 182 
185 21 16 8 6 46 49 88 108 144 167 184 
186 22 19 10 11 53 58 60 99 129 132 145 172 185 
187 20 8 7 10 39 69 87 114 164 183 
188 20 4 6 38 134 151 169 170 179 
189 14 14 4 27 61 65 117 
190 15 14 8 28 35 75 100 101 119 124 171 
191 20 5 7 43 48 109 114 116 134 181 
192 19 11 10 49 84 94 103 106 107 110 115 147 159 
193 17 11 6 54 74 113 122 168 182 
194 21 9 8 113 115 136 143 149 154 167 187 
195 20 10 4 17 103 133 183 
196 15 13 10 5 39 70 79 82 87 110 112 148 173 
197 21 14 8 23 54 94 127 143 165 172 178 
198 21 8 10 1 55 92 94 140 142 154 179 193 195 
199 20 2 9 38 63 98 104 112 135 150 167 178 
200 21 4 12 15 21 26 54 60 73 82 87 111 115 166 178 
201 21 8 9 2 11 94 126 131 135 155 165 184 
202 22 5 10 38 54 104 157 172 177 189 192 196 198 
203 22 10 11 21 65 84 97 115 122 123 127 133 185 187 
204 13 9 9 18 42 56 59 70 77 88 115 154 
205 22 6 8 1 38 55 66 118 166 179 201 
206 23 14 8 23 50 98 112 122 138 186 189 
207 22 3 10 25 32 36 56 82 92 158 177 190 201 
208 21 10 7 37 64 115 137 169 173 199 
209 22 14 8 39 92 163 168 179 191 199 201 
210 22 12 9 39 111 112 114 140 163 169 181 185 
211 22 5 12 53 55 60 72 101 116 129 177 178 185 192 196 
212 23 13 9 25 119 162 166 175 186 197 203 208 
213 24 5 7 45 84 104 165 170 179 206 
214 22 11 4 105 169 171 198 
215 22 10 9 13 42 48 51 105 107 117 187 200 
216 24 4 9 8 15 26 57 84 92 109 204 212 
217 25 11 9 47 82 85 131 159 189 193 211 216 
218 17 8 4 83 130 164 172 
219 21 14 9 62 92 98 114 134 137 152 174 176 
220 24 12 7 48 89 111 125 138 152 212 
221 23 9 9 6 22 125 140 174 182 203 214 218 
222 18 14 8 74 92 133 148 156 157 161 172 
223 24 9 10 18 19 61 125 169 171 180 182 202 212 
224 23 5 10 42 55 75 90 130 131 139 166 210 214 
225 25 4 13 18 80 101 122 129 155 164 167 182 188 197 219 220 
226 25 5 7 25 100 144 186 200 216 224 
227 21 11 12 16 32 83 85 106 113 129 169 170 171 176 222 
228 25 10 6 100 127 141 159 198 216 
229 26 5 8 66 86 116 146 156 159 194 225 
230 26 12 8 31 33 126 142 169 180 222 228 
231 27 15 9 9 85 121 124 145 153 184 195 229 
232 28 9 8 45 71 79 113 125 192 203 231 
233 26 13 11 3 5 101 126 127 139 145 176 199 204 226 
234 29 6 7 9 83 129 133 165 200 232 
235 14 2 8 49 55 66 72 91 101 143 145 
236 26 13 12 15 16 36 44 71 88 111 117 145 194 211 228 
237 26 11 10 6 9 75 93 209 211 213 218 226 235 
238 22 9 15 19 23 52 63 70 101 103 105 116 157 164 176 177 201 208 
239 21 11 8 66 67 74 110 119 137 182 199 
240 27 14 10 27 62 115 130 133 136 151 168 187 229 
241 22 14 9 3 18 48 125 128 160 184 189 219 
242 27 10 6 15 153 191 204 205 229 
243 27 12 10 29 43 70 102 135 152 158 180 212 229 
244 27 11 8 32 63 131 189 192 210 230 236 
245 21 6 9 9 32 71 83 89 105 148 187 190 
246 26 4 10 21 47 77 82 83 95 148 228 235 239 
247 21 10 10 15 19 105 112 117 154 155 184 188 193 
248 29 14 10 10 18 30 60 75 152 182 188 197 232 
249 26 8 13 3 17 20 25 29 98 143 151 159 174 190 205 225 
250 21 8 8 56 70 81 89 126 148 159 188 
251 30 9 8 50 86 135 149 168 179 225 248 
252 28 7 12 3 57 62 86 117 138 145 154 157 218 227 244 
253 25 6 8 15 25 47 150 168 175 223 239 
254 28 12 8 34 57 73 161 162 178 193 244 
255 20 7 6 61 99 162 190 192 193 
256 26 17 15 26 40 50 61 73 82 93 114 130 160 174 183 208 247 253 
257 26 16 6 27 60 120 174 190 228 
258 27 8 10 18 36 78 153 180 200 224 229 250 255 
259 28 9 12 2 47 64 68 76 115 133 140 147 202 238 258 
260 26 15 7 60 149 157 160 170 198 226 
261 28 6 12 22 63 82 100 139 160 192 204 235 240 245 258 
262 24 12 7 34 99 127 184 221 238 245 
263 28 1 8 34 57 99 161 184 196 208 258 
264 27 7 10 35 41 87 123 135 155 221 236 237 257 
265 26 17 9 76 81 109 142 151 154 186 189 225 
266 28 13 11 14 76 82 85 89 138 197 223 228 247 258 
267 29 11 10 43 114 166 181 183 192 194 215 242 254 
268 28 6 9 23 52 61 73 157 198 201 242 247 
269 31 9 13 59 61 80 120 128 164 183 193 211 227 240 243 251 
270 28 3 9 24 46 122 164 188 189 196 201 258 
271 30 16 10 61 68 142 151 157 167 204 205 231 248 
272 29 12 11 19 30 34 144 166 179 227 230 232 257 268 
273 31 7 13 19 21 36 40 75 77 162 202 214 228 249 265 271 
274 26 8 8 32 53 112 139 155 187 223 226 
275 27 19 9 62 86 93 163 187 192 221 233 247 
276 28 5 7 117 132 199 202 213 228 242 
277 32 7 12 27 35 60 72 76 137 143 171 209 233 262 273 
278 23 14 11 18 19 34 96 102 121 152 177 178 205 209 
279 33 3 7 26 107 151 213 251 263 277 
280 29 10 12 20 58 109 120 145 146 172 175 182 198 226 259 
281 32 10 9 8 88 165 206 227 257 260 263 273 
282 29 9 10 6 58 123 176 188 192 206 230 249 268 
283 33 13 10 38 116 165 178 198 236 256 267 275 277 
284 29 11 11 34 49 53 88 96 133 190 198 243 252 275 
285 30 11 8 80 88 143 211 223 228 247 280 
286 34 11 16 10 29 70 78 87 137 173 207 217 224 237 241 245 252 268 283 
287 34 8 11 59 120 141 145 168 199 200 211 238 248 283 
288 27 9 9 99 109 146 161 162 165 196 207 260 
289 34 1 14 48 77 93 175 186 199 219 223 240 258 264 278 283 284 
290 35 4 12 29 39 89 133 136 161 188 201 246 252 277 289 
291 27 11 12 14 51 67 74 135 155 165 176 184 218 223 229 
292 32 3 8 69 103 139 175 215 226 258 273 
293 33 13 12 127 148 156 178 187 191 216 220 234 248 260 277 
294 33 5 10 62 90 117 136 174 237 246 269 277 278 
295 34 10 7 19 25 52 196 203 264 293 
296 36 19 13 61 62 65 132 141 156 171 191 217 250 267 285 290 
297 28 19 9 69 90 134 146 156 176 209 242 256 
298 33 14 14 7 51 55 56 78 82 116 145 160 172 201 221 245 281 
299 30 16 10 6 35 139 141 143 159 183 225 247 272 
300 30 5 11 61 78 97 101 121 186 195 216 264 272 297 
301 37 8 11 3 46 97 140 143 167 168 230 238 286 296 
302 35 13 13 37 42 71 82 83 89 125 151 191 216 278 285 295 
303 21 15 9 10 88 89 114 116 155 157 166 178 
304 35 2 10 91 105 139 143 180 190 201 202 264 287 
305 34 8 6 95 203 242 244 253 294 
306 35 15 10 11 28 39 68 100 125 193 203 252 289 
307 37 8 11 11 13 43 60 109 111 115 160 176 214 296 
308 27 8 6 16 84 217 220 233 239 
309 35 11 8 79 133 140 145 176 248 274 286 
310 36 14 8 15 18 129 257 270 277 295 304 
311 37 12 8 70 138 161 170 174 197 300 310 
312 32 19 7 20 98 160 204 248 273 274 
313 38 9 12 27 61 97 105 138 199 200 242 243 261 302 307 
314 21 5 8 58 111 129 135 141 176 190 193 
315 34 12 10 8 26 32 130 136 153 190 201 283 312 
316 36 7 11 32 88 94 137 161 215 220 282 295 297 304 
317 35 13 7 14 143 164 192 209 286 315 
318 30 9 11 54 60 77 129 152 167 173 174 217 258 280 
319 36 7 10 71 128 139 180 231 247 254 284 287 290 
320 36 8 14 83 100 113 122 141 186 200 211 242 243 250 256 263 304 
321 38 10 11 17 23 32 133 136 140 165 217 241 256 307 
322 37 18 11 102 109 110 160 167 202 210 235 248 296 314 
323 31 2 11 32 46 75 153 177 178 230 243 266 285 300 
324 38 10 7 23 93 135 169 170 307 310 
325 39 8 14 21 36 49 97 159 208 210 267 272 280 309 311 323 324 
326 35 6 13 28 118 126 165 171 177 212 256 260 287 289 300 315 
327 37 6 11 68 78 81 148 206 214 232 241 252 296 318 
328 29 13 10 7 11 93 99 100 135 160 168 195 252 
329 35 20 10 47 77 82 86 146 150 164 201 285 286 
330 39 6 9 12 33 96 216 237 248 283 321 327 
331 36 3 10 64 108 196 206 210 251 256 300 309 329 
332 39 15 9 10 20 131 194 235 271 285 289 321 
333 32 1 7 59 93 161 258 273 282 303 
334 36 12 9 76 171 184 206 208 237 269 272 290 
335 28 9 9 7 42 56 95 108 175 219 247 264 
336 34 12 13 36 37 63 70 117 119 213 218 235 249 269 283 323 
337 40 7 10 54 86 160 220 263 266 299 303 306 325 
338 36 11 11 29 89 156 188 208 232 244 281 283 285 304 
339 38 11 14 51 97 104 124 140 170 194 217 218 254 257 261 283 307 
340 40 11 12 1 10 19 40 144 161 165 235 266 270 318 330 
341 36 26 11 27 87 120 197 208 213 233 292 295 305 329 
342 38 1 11 1 8 69 86 126 141 241 294 307 312 328 
343 37 4 13 68 92 167 168 174 227 234 236 273 274 316 331 334 
344 37 12 10 27 33 40 115 136 168 191 249 312 316 
345 38 21 10 10 51 77 89 117 154 169 269 317 344 
346 41 11 15 38 59 85 96 134 215 246 262 271 289 295 334 336 338 340 
347 38 20 10 20 23 48 167 183 212 239 307 316 331 
348 40 13 8 180 211 213 266 272 295 330 345 
349 40 5 14 64 69 77 86 96 123 163 219 236 265 294 315 325 327 
350 35 15 10 13 16 122 123 160 170 210 221 285 305 
351 42 9 11 4 19 40 138 145 192 204 210 218 245 346 
352 38 13 13 2 34 48 110 147 177 180 185 252 264 294 307 312 
353 41 12 15 59 85 110 117 147 156 158 170 193 194 299 302 319 335 349 
354 38 13 11 100 113 124 163 164 204 243 288 305 311 322 
355 39 14 13 45 47 64 75 186 222 231 285 286 294 299 308 354 
356 34 6 12 35 45 57 91 97 152 215 221 229 234 294 308 
357 39 7 9 102 118 132 157 237 241 262 308 347 
358 38 13 16 5 35 50 54 94 122 127 136 189 211 219 232 298 301 322 336 
359 43 5 15 47 158 168 181 187 199 219 234 237 254 269 280 300 347 351 
360 29 14 11 66 91 111 152 170 173 186 203 252 254 303 
361 41 15 14 8 23 36 130 137 180 234 250 262 271 312 339 340 341 
362 41 5 10 44 71 135 196 225 227 254 293 303 349 
363 38 7 7 166 203 266 279 285 290 322 
364 43 17 13 62 122 144 157 194 227 257 263 277 338 344 351 352 
365 40 16 13 45 96 136 141 159 211 219 271 272 275 282 298 357 
366 39 10 16 20 30 141 188 210 215 234 246 261 271 284 291 328 329 335 358 
367 39 19 21 15 65 73 81 93 103 130 173 190 193 201 212 231 239 251 274 281 287 288 339 363 
368 36 12 11 44 103 162 224 232 244 250 253 306 315 318 
369 44 15 13 66 76 80 88 106 154 196 212 273 310 338 353 359 
370 41 7 14 23 30 47 52 77 123 178 228 294 300 301 302 328 340 
371 40 14 14 73 170 184 218 253 255 257 277 295 308 325 333 342 366 
372 41 3 10 159 293 298 309 318 332 337 345 367 371 
373 40 6 8 116 217 224 230 274 326 330 360 
374 39 8 13 8 100 130 193 207 211 225 244 282 309 313 336 339 
375 31 16 12 55 64 75 131 132 173 210 233 239 257 261 271 
376 41 9 9 43 117 138 158 188 230 289 347 349 
377 39 8 13 26 41 56 173 175 180 192 242 260 269 291 333 339 
378 44 11 9 187 265 330 347 350 356 358 364 368 
379 39 18 12 68 92 150 221 223 227 282 287 290 305 323 324 
380 39 11 14 30 120 133 154 157 158 174 210 227 289 334 338 339 368 
381 42 9 8 93 148 207 251 274 282 319 370 
382 40 9 13 48 70 81 108 124 126 135 163 183 287 293 363 377 
383 40 4 12 40 125 173 214 265 284 315 316 328 331 352 357 
384 42 10 12 4 42 95 102 170 194 232 282 313 341 346 376 
385 45 5 15 125 162 181 184 193 234 257 279 289 308 319 323 341 360 369 
386 45 14 14 19 89 144 155 161 189 227 235 253 275 277 312 348 378 
387 41 3 12 17 83 127 160 173 179 194 210 324 329 340 382 
388 39 14 12 87 92 116 230 239 255 291 300 312 313 320 358 
389 42 10 17 76 84 85 102 140 144 164 168 230 235 274 280 284 311 335 347 361 
390 45 5 14 23 127 132 144 152 259 267 305 326 329 343 367 369 371 
391 46 26 11 42 65 74 143 156 216 244 260 272 381 390 
392 40 8 13 22 31 66 81 114 177 247 251 252 295 317 355 357 
393 46 9 13 4 41 110 123 190 227 233 276 288 296 325 328 385 
394 42 18 10 39 47 92 113 230 239 264 279 346 372 
395 39 15 14 17 59 113 183 251 268 273 304 307 318 328 341 345 358 
396 42 16 13 34 76 79 161 186 200 238 241 283 312 328 353 375 
397 42 11 11 36 52 66 165 202 289 318 342 347 375 387 
398 42 7 12 78 95 121 128 209 270 296 314 329 342 346 383 
399 42 8 12 16 56 67 68 71 144 200 284 324 370 373 375 
400 44 6 10 233 247 273 296 315 323 328 348 354 364 
401 42 8 11 61 100 180 198 227 244 259 277 337 344 346 
402 46 11 16 80 128 134 175 181 193 196 206 208 218 258 279 286 299 349 386 
403 46 4 11 75 80 104 111 168 239 284 290 362 373 390 
404 44 7 16 53 68 189 223 251 258 280 309 316 322 326 332 336 342 364 365 
405 45 12 13 60 84 104 144 165 172 182 219 243 259 316 378 379 
406 43 5 13 53 61 67 79 136 169 173 245 282 327 353 389 397 
407 43 14 8 79 217 282 285 297 351 367 399 
408 43 8 13 15 153 179 183 185 243 246 248 277 311 328 362 394 
409 43 7 12 67 122 138 182 212 238 265 304 348 365 384 388 
410 44 15 13 88 140 183 242 279 314 331 344 359 362 367 376 388 
411 47 11 10 170 193 218 220 246 288 347 356 364 391 
412 48 13 14 68 87 216 280 296 297 314 332 339 349 350 370 387 411 
413 47 10 16 38 41 99 118 197 260 290 301 303 304 308 332 336 343 383 402 
414 46 19 16 16 54 73 184 196 205 240 259 267 273 301 319 335 386 398 404 
415 41 23 13 22 67 125 195 258 278 303 338 340 347 356 363 365 
416 48 2 14 1 34 44 130 145 148 302 310 319 322 393 394 398 413 
417 48 11 12 85 152 193 201 286 294 311 312 340 362 371 413 
418 43 1 14 55 78 85 101 125 152 245 275 291 297 345 358 392 399 
419 42 9 12 32 81 122 135 172 178 282 284 310 335 361 376 
420 49 13 14 28 58 135 161 173 184 192 223 246 281 356 395 416 418 
421 43 9 14 3 85 95 153 294 300 314 321 329 347 362 368 394 401 
422 44 1 10 9 45 261 271 278 279 374 392 401 408 
423 40 3 12 51 163 173 184 203 228 252 299 317 336 342 366 
424 47 8 9 86 97 125 157 293 326 328 371 403 
425 44 10 11 67 89 101 133 164 173 262 288 333 398 408 
426 49 11 14 30 108 110 133 238 243 256 266 271 282 298 367 392 416 
427 47 9 15 26 68 138 191 212 262 339 345 352 358 384 391 394 403 422 
428 43 9 10 17 219 246 298 318 344 367 382 389 399 
429 49 13 12 144 189 201 219 262 284 348 375 406 408 414 416 
430 44 11 14 77 82 114 163 186 208 234 314 321 340 384 397 407 419 
431 45 10 13 12 71 144 150 173 210 248 296 346 348 359 421 422 
432 50 12 13 59 61 152 222 231 234 286 308 351 363 370 400 429 
433 50 7 14 51 59 60 118 168 231 250 283 290 325 331 352 369 420 
434 47 13 19 41 63 71 108 147 159 177 226 257 263 275 288 301 303 312 327 338 359 391 
435 48 14 15 14 26 86 116 150 157 160 179 225 232 263 276 282 353 413 
436 51 18 11 193 215 225 236 238 245 296 321 361 379 433 
437 49 14 12 66 107 112 127 189 207 267 308 359 372 425 435 
438 46 7 14 25 55 93 158 222 229 266 268 307 345 379 385 409 428 
439 48 19 15 14 30 59 91 173 195 197 253 306 326 339 384 389 418 434 
440 49 4 15 128 210 221 228 287 288 308 333 336 376 383 390 392 412 435 
441 50 6 16 41 56 147 159 168 180 211 218 290 292 300 355 357 412 420 435 
442 50 17 16 84 121 222 260 265 269 270 276 286 298 299 341 354 366 439 440 
443 46 7 12 24 26 35 116 163 180 212 227 232 250 425 431 
444 52 14 12 50 211 280 300 306 335 350 381 390 409 431 436 
445 43 11 8 8 17 221 231 259 336 377 396 
446 49 6 13 9 117 155 159 172 318 352 387 399 403 410 415 439 
447 51 4 18 7 23 37 41 153 157 185 236 241 245 293 307 326 337 340 359 375 442 
448 48 12 14 1 133 151 165 215 219 220 258 260 287 306 310 348 434 
449 50 14 13 31 80 109 150 246 314 360 363 371 418 422 426 443 
450 51 11 9 109 194 222 294 326 409 425 433 440 
451 50 2 14 131 141 151 174 203 237 241 352 374 402 406 408 414 426 
452 41 9 14 61 78 108 131 152 166 183 192 196 210 242 245 279 392 
