50 20
1 0 1 0 
2 0 4 0 
3 0 4 0 
4 0 2 0 
5 0 2 0 
6 0 8 0 
7 0 6 0 
8 0 1 0 
9 0 2 0 
10 0 11 0 
11 0 4 0 
12 1 13 3 1 3 10 
13 1 6 2 1 9 
14 0 7 0 
15 1 3 3 2 4 7 
16 1 8 1 5 
17 1 1 1 3 
18 1 22 2 1 7 
19 1 1 4 2 4 7 8 
20 1 1 1 10 
21 1 11 3 2 8 10 
22 1 7 1 6 
23 2 18 1 21 
24 2 3 3 13 20 21 
25 2 1 3 7 11 13 
26 2 1 2 11 12 
27 2 1 2 10 22 
28 2 1 4 7 14 16 17 
29 2 2 3 11 14 22 
30 1 2 2 6 14 
31 2 3 5 1 7 10 20 21 
32 2 4 5 1 13 16 17 21 
33 3 3 3 1 12 27 
34 3 8 7 2 6 12 17 20 26 28 
35 2 4 3 7 12 19 
36 3 3 4 4 21 24 25 
37 3 4 4 8 16 19 24 
38 3 2 4 14 23 27 29 
39 3 17 5 1 12 17 26 32 
40 3 3 2 16 23 
41 2 9 3 9 12 17 
42 3 6 6 13 15 21 22 24 27 
43 4 1 7 3 9 13 18 24 29 42 
44 3 3 3 18 24 41 
45 4 2 4 8 13 28 40 
46 3 10 4 13 21 30 32 
47 3 4 4 3 11 13 24 
48 4 1 10 5 6 12 16 21 25 26 32 35 42 
49 4 1 6 6 7 8 11 36 37 
50 2 1 6 2 4 6 14 15 21 
