50 20
1 0 8 0 
2 1 11 1 1 
3 2 11 2 1 2 
4 0 12 0 
5 1 9 1 4 
6 2 11 2 1 5 
7 3 7 3 3 4 6 
8 3 10 3 2 3 4 
9 4 8 2 1 8 
10 4 7 3 3 4 7 
11 5 12 6 3 4 5 7 8 9 
12 5 10 6 3 4 5 6 9 10 
13 5 10 3 4 7 10 
14 6 14 4 2 3 7 11 
15 7 12 6 1 7 8 9 10 14 
16 7 12 5 2 3 6 10 14 
17 7 7 6 1 6 8 11 12 14 
18 8 11 8 3 6 9 10 12 13 15 16 
19 8 11 7 2 3 5 7 8 10 17 
20 9 13 10 2 3 5 7 10 11 13 16 17 18 
21 10 11 10 1 3 6 7 9 13 16 17 19 20 
22 11 9 15 2 3 5 6 7 9 10 12 13 14 15 16 18 19 21 
23 11 15 5 1 2 7 10 21 
24 10 11 7 2 7 8 9 14 18 20 
25 11 10 10 1 5 8 9 14 15 17 18 19 24 
26 11 8 13 2 4 5 6 7 10 12 13 14 15 16 19 24 
27 12 8 11 2 7 9 11 12 18 20 22 23 24 26 
28 13 13 11 1 6 7 9 13 14 15 16 17 25 27 
29 14 7 11 1 3 5 6 9 11 12 14 18 20 28 
30 12 12 6 5 9 13 16 25 26 
31 13 7 7 8 9 11 15 20 26 30 
32 14 12 7 1 4 5 8 10 24 31 
33 13 14 11 5 6 9 11 12 20 21 23 25 26 30 
34 15 11 10 1 3 7 16 20 22 23 29 30 33 
35 15 6 12 3 4 10 13 15 16 17 19 23 24 27 29 
36 16 12 14 4 8 9 12 16 18 21 22 23 26 27 29 30 34 
37 16 14 22 2 3 5 6 9 10 13 14 17 18 19 20 25 26 27 28 30 31 32 33 34 35 
38 15 9 10 1 6 13 15 17 20 22 26 30 32 
39 17 10 16 1 3 4 5 9 11 13 18 23 24 26 28 32 33 35 36 
40 18 7 16 1 2 3 4 5 7 12 14 15 19 22 29 31 32 38 39 
41 18 9 17 1 2 3 5 9 11 12 13 16 17 19 23 24 29 33 35 39 
42 19 10 15 6 7 8 11 12 13 15 17 19 20 26 27 34 37 41 
43 20 11 14 8 9 10 14 15 19 21 24 25 30 31 34 36 42 
44 21 14 18 1 2 5 7 9 10 12 15 18 22 24 29 30 31 34 36 41 43 
45 21 7 22 1 2 3 4 5 6 8 10 11 13 14 15 19 21 23 27 28 34 37 40 41 43 
46 22 4 21 1 3 4 7 14 17 19 22 25 27 28 30 32 33 34 36 37 38 39 40 45 
47 22 9 19 4 6 7 11 14 15 16 19 20 21 23 25 29 31 33 36 42 43 45 
48 22 9 19 1 4 8 10 11 14 15 16 19 21 23 28 29 31 32 38 41 43 45 
49 23 8 17 1 2 3 9 11 12 21 22 27 28 29 30 34 35 38 46 48 
50 24 11 13 1 7 10 12 13 23 25 26 32 33 36 43 49 
