50 20
1 0 12 0 
2 0 8 0 
3 1 5 1 1 
4 0 2 0 
5 1 8 1 2 
6 0 4 0 
7 1 11 1 4 
8 0 5 0 
9 2 5 3 4 5 8 
10 0 2 0 
11 2 5 4 1 2 5 10 
12 1 12 1 4 
13 2 11 1 12 
14 0 2 0 
15 3 3 2 8 13 
16 0 1 0 
17 2 12 3 3 8 10 
18 1 7 3 1 4 10 
19 3 7 4 1 3 13 14 
20 3 6 3 10 13 17 
21 2 11 4 2 5 10 12 
22 4 4 3 10 15 16 
23 3 8 3 9 14 17 
24 4 1 4 5 7 10 15 
25 5 4 4 2 4 7 22 
26 3 10 4 4 12 13 16 
27 6 16 4 2 3 10 25 
28 2 3 3 5 10 16 
29 4 5 5 7 11 12 18 19 
30 2 12 3 4 12 14 
31 3 7 1 21 
32 3 1 5 2 5 7 17 28 
33 4 4 6 2 3 13 14 19 23 
34 5 6 7 2 12 17 19 22 24 30 
35 6 11 4 8 22 24 25 
36 1 3 2 6 16 
37 4 22 6 2 7 13 15 32 36 
38 7 3 4 15 25 27 30 
39 7 12 11 1 3 7 8 13 17 24 25 32 34 35 
40 8 5 5 1 17 24 25 39 
41 8 9 12 8 11 12 15 18 19 21 22 26 31 37 38 
42 8 1 9 2 6 14 23 24 26 28 29 38 
43 7 8 6 7 12 25 28 35 37 
44 3 4 2 5 21 
45 7 1 5 7 11 20 29 35 
46 9 1 10 7 15 18 24 25 28 29 33 41 45 
47 9 8 9 1 4 5 8 15 24 28 38 41 
48 9 8 11 7 8 9 14 15 28 32 37 40 41 43 
49 9 4 11 2 6 13 14 20 26 28 31 38 40 42 
50 10 28 2 3 47 
