50 20
1 0 6 0 
2 0 9 0 
3 0 19 0 
4 1 14 1 2 
5 0 5 0 
6 1 2 1 2 
7 1 5 1 1 
8 2 11 2 5 6 
9 1 20 1 2 
10 2 5 1 4 
11 3 7 4 1 2 4 10 
12 3 10 3 2 7 10 
13 4 4 1 11 
14 3 9 1 8 
15 4 4 5 1 5 11 12 14 
16 4 3 2 12 14 
17 5 11 5 2 5 8 13 16 
18 3 7 3 4 5 10 
19 4 1 3 4 7 18 
20 5 1 3 12 13 18 
21 5 3 2 8 15 
22 1 1 1 1 
23 6 14 4 3 4 13 21 
24 5 10 1 13 
25 5 5 4 11 18 19 22 
26 5 9 4 3 13 14 16 
27 5 3 3 6 11 16 
28 6 5 2 6 20 
29 5 5 4 6 13 14 22 
30 7 19 4 5 8 15 28 
31 7 3 8 4 5 6 8 17 18 26 28 
32 6 10 4 1 16 26 29 
33 7 3 8 1 2 13 16 21 23 29 32 
34 4 6 2 5 12 
35 6 13 4 2 6 18 24 
36 7 9 4 11 23 32 35 
37 6 13 3 7 20 29 
38 7 1 7 1 5 6 12 21 24 32 
39 8 11 7 6 9 10 13 29 31 32 
40 7 11 7 4 10 17 19 20 28 34 
41 8 10 4 17 22 28 31 
42 8 1 3 16 19 36 
43 9 2 9 2 4 9 13 15 25 29 40 42 
44 9 2 8 1 2 17 20 23 29 40 41 
45 7 7 5 14 24 26 28 35 
46 10 16 4 14 21 25 44 
47 8 8 7 14 15 19 20 26 31 40 
48 8 4 5 4 12 13 34 40 
49 10 15 6 1 2 5 6 14 44 
50 11 1 12 8 14 18 20 23 30 31 35 37 39 41 49 
