50 20
1 0 8 0 
2 0 23 0 
3 0 1 0 
4 0 2 0 
5 0 4 0 
6 0 5 0 
7 0 1 0 
8 0 4 0 
9 0 2 0 
10 0 16 0 
11 0 1 0 
12 1 11 7 1 2 3 4 6 9 10 
13 1 11 3 2 5 11 
14 1 4 3 2 9 10 
15 1 4 2 2 4 
16 1 23 4 1 4 5 8 
17 1 1 5 5 6 8 10 11 
18 1 7 6 1 2 5 6 9 11 
19 1 2 6 1 4 6 7 8 11 
20 1 3 2 6 7 
21 1 13 3 3 4 6 
22 1 5 6 1 2 5 7 9 10 
23 1 8 5 2 4 7 9 10 
24 1 8 7 2 4 5 7 8 9 11 
25 2 9 11 2 3 5 6 7 8 13 14 16 21 24 
26 2 5 14 1 3 6 7 10 11 12 14 16 17 18 19 20 22 
27 2 22 9 4 6 11 13 15 21 22 23 24 
28 2 10 13 5 6 7 10 14 15 16 17 19 20 22 23 24 
29 2 12 14 1 2 3 4 5 6 7 9 15 16 17 19 21 22 
30 2 2 5 1 2 3 10 22 
31 2 7 13 3 4 7 9 10 12 15 16 17 19 20 22 23 
32 2 4 12 1 3 4 7 8 9 13 15 18 21 23 24 
33 2 10 12 1 4 7 9 10 11 12 13 15 17 19 21 
34 2 4 9 1 2 3 5 9 13 20 22 23 
35 2 13 8 2 3 5 13 19 20 21 23 
36 3 27 18 1 2 4 5 7 9 11 12 15 16 18 19 21 24 26 27 28 29 
37 3 8 22 1 2 3 7 8 9 11 13 14 15 16 18 20 21 24 25 27 30 32 33 34 35 
38 3 6 13 5 6 7 9 10 17 19 20 25 26 28 32 35 
39 3 5 16 1 2 3 4 8 10 11 12 13 14 19 21 24 26 31 32 
40 3 11 16 1 2 3 4 5 6 10 12 13 17 21 24 25 29 33 35 
41 3 10 11 1 3 12 14 16 20 21 26 27 29 35 
42 3 27 15 1 2 3 5 11 12 15 16 17 19 22 24 26 30 32 
43 3 3 16 2 3 4 5 7 8 11 13 14 15 16 18 20 21 31 33 
44 4 26 24 3 6 8 9 13 14 15 18 21 22 25 26 27 28 30 31 33 35 36 38 39 40 41 43 
45 4 7 24 2 3 8 10 11 12 13 14 15 16 17 19 20 22 23 24 27 30 31 32 35 36 39 42 
46 4 1 18 2 3 8 10 12 13 14 17 18 21 24 25 26 27 37 38 39 43 
47 4 1 19 2 3 7 8 9 12 13 15 16 20 22 23 26 29 31 32 35 37 39 
48 4 6 21 3 4 6 9 11 13 15 16 17 18 21 23 24 30 31 34 35 37 38 41 43 
49 4 6 21 1 2 11 12 13 14 15 16 17 19 20 21 23 25 28 29 34 39 40 41 43 
50 4 2 26 1 2 3 5 6 7 8 12 13 14 15 19 21 25 26 28 30 31 32 34 35 36 37 39 40 41 
