50 20
1 0 16 0 
2 0 5 0 
3 0 2 0 
4 0 1 0 
5 0 3 0 
6 0 2 0 
7 0 1 0 
8 0 8 0 
9 0 1 0 
10 0 4 0 
11 0 1 0 
12 1 3 1 5 
13 1 11 2 7 10 
14 0 1 0 
15 1 4 1 3 
16 1 1 2 2 11 
17 0 10 0 
18 1 4 1 11 
19 1 4 1 3 
20 1 5 1 9 
21 1 7 2 5 10 
22 2 26 4 2 9 11 13 
23 1 7 2 1 7 
24 2 1 3 5 11 13 
25 2 5 2 1 21 
26 1 3 4 2 9 14 17 
27 0 1 0 
28 2 1 1 16 
29 1 3 2 5 9 
30 0 10 0 
31 2 1 1 23 
32 1 23 3 8 17 30 
33 3 1 4 5 17 18 25 
34 1 5 1 30 
35 2 2 2 15 26 
36 2 7 4 3 14 15 19 
37 2 10 5 2 3 9 23 27 
38 0 1 0 
39 2 5 3 8 15 29 
40 2 24 3 4 26 30 
41 2 4 3 13 14 29 
42 2 2 3 6 15 21 
43 3 10 5 5 23 29 39 42 
44 2 1 2 6 26 
45 3 8 5 15 17 23 32 36 
46 3 3 2 21 31 
47 3 11 6 8 22 26 27 39 41 
48 3 9 1 24 
49 3 9 5 7 8 24 26 40 
50 3 9 7 4 5 7 14 15 21 36 
