50 20
1 0 7 0 
2 0 27 0 
3 0 7 0 
4 0 15 0 
5 0 14 0 
6 1 12 1 5 
7 1 19 2 1 5 
8 0 1 0 
9 1 7 2 2 3 
10 1 16 1 2 
11 1 7 1 2 
12 1 12 1 1 
13 1 21 1 4 
14 0 40 0 
15 1 1 2 2 5 
16 2 32 4 3 5 7 14 
17 1 33 1 3 
18 2 1 5 4 5 6 12 14 
19 2 4 2 3 9 
20 2 9 1 9 
21 2 22 4 1 2 3 12 
22 2 7 5 4 5 13 14 15 
23 1 10 1 4 
24 2 15 5 1 3 9 11 12 
25 2 18 2 10 15 
26 2 1 4 1 2 9 11 
27 2 3 4 9 11 13 14 
28 2 37 5 1 2 5 8 13 
29 1 4 1 14 
30 2 7 5 2 6 7 11 15 
31 1 1 2 4 5 
32 3 3 7 1 2 4 7 12 17 22 
33 3 2 5 6 16 22 26 27 
34 3 10 4 5 22 27 28 
35 3 3 5 5 16 19 20 24 
36 3 13 6 5 16 18 21 23 26 
37 3 11 5 8 10 13 17 20 
38 3 3 1 20 
39 3 8 5 3 5 6 27 28 
40 3 15 6 10 17 19 26 27 31 
41 3 2 6 3 5 11 13 29 30 
42 3 7 8 3 5 7 15 18 25 30 31 
43 3 25 6 1 10 14 16 17 25 
44 4 2 9 3 6 8 11 18 32 38 41 42 
45 4 11 9 4 15 21 23 26 30 33 40 41 
46 4 13 12 1 2 4 8 12 14 24 26 33 37 41 42 
47 4 8 4 2 4 21 36 
48 4 4 9 3 6 16 19 22 34 37 39 40 
49 3 4 5 3 5 21 26 27 
50 4 2 7 12 14 16 22 27 29 38 
