50 20
1 0 4 0 
2 0 6 0 
3 0 5 0 
4 0 6 0 
5 0 6 0 
6 0 5 0 
7 0 5 0 
8 0 7 0 
9 1 7 1 2 
10 1 6 4 2 5 6 8 
11 1 6 3 1 4 8 
12 1 6 5 1 3 4 5 8 
13 1 7 4 2 3 5 6 
14 1 6 1 5 
15 1 5 3 1 4 5 
16 1 6 4 1 2 3 7 
17 1 7 4 2 3 4 7 
18 1 6 3 1 5 6 
19 2 6 8 1 2 4 8 12 15 16 18 
20 2 6 7 4 6 10 11 14 15 17 
21 2 4 9 1 2 3 8 9 11 12 13 18 
22 2 7 8 2 3 5 6 7 8 13 17 
23 2 5 6 2 4 5 8 14 18 
24 2 4 9 1 2 4 5 6 10 13 15 18 
25 2 5 7 1 4 6 7 10 11 13 
26 2 5 6 5 7 8 10 13 16 
27 2 5 12 1 5 8 9 10 11 12 13 14 15 16 18 
28 2 4 10 2 4 5 6 8 12 13 14 17 18 
29 2 4 9 1 2 6 7 9 11 12 13 14 
30 3 6 12 2 3 5 7 10 11 17 25 26 27 28 29 
31 3 6 15 2 3 6 7 9 10 12 15 20 21 22 23 24 27 29 
32 3 7 15 2 3 4 6 8 9 10 11 13 15 16 17 18 20 29 
33 3 6 12 1 7 9 10 11 17 18 20 23 25 26 27 
34 3 5 13 1 2 3 6 7 10 14 20 21 22 25 26 29 
35 3 5 11 3 6 7 9 11 17 22 23 26 27 28 
36 3 5 11 6 7 9 16 17 20 21 22 23 24 25 
37 3 6 17 1 2 3 5 9 10 12 13 15 19 21 22 23 25 26 27 29 
38 3 5 9 1 13 15 16 17 24 26 27 29 
39 3 7 9 3 4 5 7 14 16 21 25 28 
40 4 5 14 2 5 7 10 12 13 16 24 27 31 32 33 35 36 
41 4 6 14 3 5 6 8 13 14 17 18 21 23 27 33 36 38 
42 4 5 19 3 4 5 7 8 10 12 14 15 17 20 21 23 25 26 28 29 31 35 
43 4 5 20 2 3 4 8 11 13 14 16 18 23 24 25 26 28 29 30 31 33 34 35 
44 4 7 18 1 2 4 5 8 10 11 12 14 15 20 22 25 26 27 31 34 36 
45 4 4 18 3 5 8 10 13 14 16 17 19 25 27 28 30 31 32 33 35 36 
46 4 5 18 1 3 5 6 7 10 11 15 17 18 20 24 25 26 28 29 32 35 
47 4 6 15 1 2 7 8 14 16 21 23 26 27 28 32 33 34 37 
48 4 6 15 5 8 9 10 12 16 17 18 21 26 27 32 33 37 39 
49 4 7 15 6 7 9 10 12 13 17 19 21 25 28 31 33 37 38 
50 4 5 14 2 3 11 14 18 20 21 22 24 29 32 34 36 37 
