50 20
1 0 10 0 
2 0 11 0 
3 0 9 0 
4 0 8 0 
5 0 13 0 
6 0 14 0 
7 0 7 0 
8 0 12 0 
9 0 16 0 
10 0 2 0 
11 1 10 1 4 
12 0 15 0 
13 1 13 2 8 12 
14 0 8 0 
15 0 9 0 
16 0 7 0 
17 2 12 2 1 11 
18 0 8 0 
19 0 13 0 
20 0 11 0 
21 0 9 0 
22 1 12 2 12 21 
23 1 4 1 8 
24 1 10 2 14 16 
25 3 10 4 17 19 21 24 
26 0 8 0 
27 1 7 1 14 
28 0 14 0 
29 1 12 1 1 
30 1 12 3 3 6 12 
31 4 6 2 6 25 
32 1 8 1 10 
33 0 9 0 
34 1 11 2 5 26 
35 4 12 2 18 25 
36 1 4 2 9 12 
37 2 12 1 11 
38 1 10 1 3 
39 1 13 2 12 18 
40 1 5 1 19 
41 2 9 2 4 24 
42 4 9 1 25 
43 1 10 1 9 
44 2 4 4 16 19 20 24 
45 2 10 3 2 21 29 
46 2 6 2 22 33 
47 2 14 3 6 26 40 
48 2 11 5 1 16 24 26 32 
49 5 7 4 14 20 24 31 
50 3 13 3 15 37 46 
