50 20
1 0 8 0 
2 0 2 0 
3 0 8 0 
4 0 6 0 
5 0 2 0 
6 0 10 0 
7 1 3 1 5 
8 1 6 1 3 
9 1 3 1 3 
10 0 8 0 
11 0 9 0 
12 1 3 2 6 11 
13 2 6 1 9 
14 0 2 0 
15 1 7 1 5 
16 0 4 0 
17 2 4 2 6 7 
18 0 3 0 
19 1 1 1 14 
20 0 7 0 
21 1 3 2 11 20 
22 2 8 1 21 
23 0 4 0 
24 3 9 3 8 20 22 
25 1 3 1 1 
26 2 7 1 9 
27 2 10 3 1 12 18 
28 0 3 0 
29 3 5 2 19 26 
30 2 7 1 8 
31 2 2 2 2 8 
32 3 9 3 10 16 30 
33 3 7 3 5 20 31 
34 0 9 0 
35 1 4 1 11 
36 3 2 2 21 30 
37 0 7 0 
38 1 1 1 20 
39 4 7 3 33 35 36 
40 1 10 2 6 11 
41 4 6 5 10 13 18 24 34 
42 5 4 2 6 39 
43 2 6 2 15 38 
44 2 7 1 12 
45 3 9 1 26 
46 5 2 2 20 41 
47 3 3 4 4 6 19 30 
48 3 6 2 4 43 
49 0 7 0 
50 3 4 2 17 28 
