50 20
1 0 10 0 
2 1 11 1 1 
3 1 8 1 1 
4 2 10 2 2 3 
5 3 8 3 1 3 4 
6 2 6 2 1 2 
7 4 6 3 2 5 6 
8 5 12 6 1 2 3 4 5 7 
9 6 13 5 3 5 6 7 8 
10 6 17 5 3 4 5 6 8 
11 7 11 8 1 2 4 5 6 7 8 10 
12 8 11 6 1 2 5 7 8 11 
13 7 13 5 2 4 6 8 10 
14 8 10 6 5 6 7 9 10 11 
15 9 13 10 3 4 5 6 8 10 11 12 13 14 
16 9 10 10 1 2 4 7 8 9 10 11 13 14 
17 10 6 9 4 5 7 10 11 12 13 14 15 
18 10 11 6 1 2 3 4 6 16 
19 11 12 10 1 4 5 6 8 10 11 15 17 18 
20 12 12 12 1 3 5 6 8 9 10 11 14 17 18 19 
21 13 10 13 2 5 7 10 11 12 13 14 15 17 18 19 20 
22 12 12 13 1 2 5 6 7 8 9 10 13 15 16 18 19 
23 14 12 10 1 2 4 8 10 13 16 18 20 21 
24 13 12 12 3 7 9 10 12 13 14 16 17 18 20 22 
25 15 13 15 3 4 5 6 7 8 9 11 12 14 16 18 19 21 23 
26 15 13 15 1 3 4 9 10 12 13 14 16 17 18 19 20 22 23 
27 16 9 13 2 3 12 13 14 15 17 18 19 21 23 25 26 
28 17 9 18 1 2 3 6 7 8 10 12 13 15 17 18 19 21 23 24 26 27 
29 17 15 15 1 3 5 7 10 11 13 14 16 17 19 24 25 26 27 
30 18 15 14 1 2 5 6 7 9 10 13 14 17 25 26 27 29 
31 19 10 18 1 3 5 8 9 10 12 13 14 15 17 19 20 22 25 26 28 30 
32 20 16 19 2 4 6 7 9 11 13 14 15 16 17 18 19 20 21 23 24 27 31 
33 17 8 15 1 2 3 4 6 10 11 12 14 17 22 23 25 26 27 
34 20 16 18 1 2 5 6 8 9 10 11 14 16 18 19 20 21 26 27 29 31 
35 21 14 22 1 2 3 4 6 7 10 11 12 13 14 16 17 22 23 26 27 28 31 32 33 34 
36 21 11 18 1 3 4 5 6 7 9 10 12 13 15 21 23 26 29 31 32 34 
37 22 9 22 1 3 5 6 7 8 11 12 13 16 17 18 19 22 27 28 30 31 32 33 34 35 
38 21 15 21 2 3 5 6 10 11 12 13 15 16 20 23 24 26 27 28 29 31 32 33 34 
39 22 10 24 1 4 7 8 10 14 15 16 18 19 21 22 23 24 25 26 27 30 32 33 34 35 36 38 
40 23 15 16 3 4 5 6 10 11 13 16 20 21 28 29 34 37 38 39 
41 24 16 22 7 8 9 11 12 16 17 18 22 23 24 25 26 27 28 30 31 34 37 38 39 40 
42 25 11 26 1 3 4 5 7 8 10 12 14 15 17 18 19 21 24 26 27 30 33 34 35 37 38 39 40 41 
43 24 7 28 1 4 6 7 10 12 13 14 15 16 18 19 20 21 22 23 24 25 26 27 30 31 32 33 35 36 37 40 
44 26 9 23 1 2 5 6 7 13 15 17 21 23 24 26 27 28 29 31 33 36 37 39 40 42 43 
45 27 6 27 1 2 3 4 6 9 10 13 16 17 18 19 21 22 23 25 26 27 29 32 34 35 38 39 42 43 44 
46 26 16 23 2 3 5 6 7 13 15 20 21 22 23 24 25 27 28 29 31 35 36 37 38 40 42 
47 25 9 26 1 2 3 4 5 8 10 12 14 15 18 20 21 27 28 29 30 31 32 33 34 35 37 39 41 43 
48 28 7 22 3 4 5 8 12 13 18 20 21 24 25 27 30 31 32 33 35 37 38 42 45 47 
49 29 18 30 4 5 6 9 10 12 13 16 17 18 21 25 26 27 28 30 32 33 34 36 37 38 39 40 41 42 43 44 46 48 
50 30 10 26 2 3 5 6 8 9 10 13 14 15 17 20 21 22 29 30 31 33 36 38 41 43 44 46 47 49 
