50 20
1 0 10 0 
2 0 17 0 
3 0 14 0 
4 0 8 0 
5 0 4 0 
6 0 14 0 
7 0 1 0 
8 0 3 0 
9 0 1 0 
10 0 8 0 
11 0 17 0 
12 1 8 1 3 
13 0 7 0 
14 0 3 0 
15 0 3 0 
16 0 1 0 
17 1 2 2 4 11 
18 1 12 1 15 
19 0 15 0 
20 1 20 1 3 
21 0 7 0 
22 0 16 0 
23 0 18 0 
24 0 4 0 
25 1 3 1 10 
26 1 12 2 7 10 
27 1 1 1 5 
28 1 18 1 1 
29 1 14 2 2 6 
30 1 7 3 9 10 11 
31 0 13 0 
32 1 15 2 19 23 
33 2 12 2 9 12 
34 0 6 0 
35 0 11 0 
36 1 13 1 3 
37 0 7 0 
38 0 17 0 
39 1 1 3 3 13 24 
40 2 7 2 28 35 
41 1 16 1 4 
42 1 10 2 4 21 
43 2 1 1 25 
44 2 12 4 7 21 27 37 
45 3 14 2 22 33 
46 2 11 2 2 25 
47 2 2 1 36 
48 1 9 5 5 7 9 15 16 
49 1 8 1 15 
50 1 2 2 21 23 
