50 20
1 0 8 0 
2 0 9 0 
3 0 11 0 
4 0 6 0 
5 0 4 0 
6 1 12 1 5 
7 0 10 0 
8 0 5 0 
9 0 5 0 
10 2 5 2 6 9 
11 0 6 0 
12 1 11 1 5 
13 1 10 1 2 
14 1 5 2 4 11 
15 2 9 1 13 
16 1 11 1 8 
17 3 13 1 15 
18 4 9 1 17 
19 5 10 2 17 18 
20 2 5 2 9 13 
21 0 13 0 
22 5 6 1 18 
23 0 5 0 
24 1 6 1 11 
25 6 10 3 15 20 22 
26 0 6 0 
27 5 6 2 11 18 
28 6 5 4 4 5 14 19 
29 6 10 3 20 22 23 
30 7 11 2 5 25 
31 7 6 3 14 16 25 
32 2 4 3 4 7 13 
33 6 8 2 22 24 
34 7 11 4 11 26 27 33 
35 7 11 3 7 16 29 
36 0 6 0 
37 1 11 1 23 
38 8 5 4 18 22 26 31 
39 8 5 5 2 15 27 29 30 
40 8 9 2 17 34 
41 6 14 3 22 24 36 
42 9 7 3 11 31 40 
43 1 12 1 26 
44 7 6 1 41 
45 2 12 1 14 
46 1 9 1 1 
47 2 10 1 46 
48 3 7 1 47 
49 2 6 3 5 9 37 
50 9 10 3 12 27 39 
