50 20
1 0 8 0 
2 0 5 0 
3 0 7 0 
4 0 13 0 
5 0 14 0 
6 0 10 0 
7 0 6 0 
8 0 5 0 
9 0 11 0 
10 0 5 0 
11 1 12 4 1 6 8 9 
12 1 6 6 1 2 3 5 7 10 
13 1 10 3 4 5 10 
14 1 8 5 3 4 6 8 9 
15 1 4 6 3 5 6 8 9 10 
16 1 13 3 3 4 7 
17 1 5 4 3 4 7 10 
18 1 6 7 1 2 3 4 6 7 8 
19 1 12 4 5 6 7 10 
20 1 9 6 3 4 5 6 8 10 
21 2 5 10 1 2 5 9 10 11 12 14 15 17 
22 2 13 10 2 3 4 5 9 12 13 15 16 20 
23 2 8 11 3 4 7 8 10 11 13 14 15 16 17 
24 2 16 7 1 2 6 12 16 18 19 
25 2 5 11 1 5 7 8 11 14 15 16 18 19 20 
26 2 6 12 1 2 3 4 7 9 14 15 16 17 18 20 
27 2 14 13 1 3 4 6 7 8 9 10 11 14 15 16 18 
28 2 8 5 1 8 11 14 17 
29 2 6 8 1 10 11 12 13 15 18 20 
30 2 9 11 3 6 7 8 11 13 14 15 16 18 20 
31 2 13 12 3 4 5 9 11 13 15 16 17 18 19 20 
32 2 9 8 1 8 9 11 13 14 15 18 
33 3 12 13 1 3 7 9 11 13 16 17 19 21 25 26 29 
34 3 5 10 7 8 10 11 12 13 14 15 21 22 
35 3 3 16 2 3 4 5 6 7 9 13 14 17 20 21 22 25 28 32 
36 3 5 5 1 11 17 27 30 
37 3 4 13 1 3 5 6 11 12 15 16 21 23 26 29 30 
38 3 6 14 1 3 4 6 10 17 20 22 24 26 27 28 29 30 
39 3 4 14 1 2 3 11 14 17 19 20 22 23 27 28 29 30 
40 3 6 16 1 6 9 11 12 14 16 17 19 22 24 25 28 30 31 32 
41 3 6 8 3 7 8 10 13 24 25 32 
42 3 13 13 2 4 7 8 15 16 17 20 21 22 29 30 32 
43 3 13 9 8 14 16 19 21 22 27 28 32 
44 4 14 18 5 7 8 15 16 18 20 21 23 24 25 27 34 35 36 37 40 42 
45 4 8 17 1 2 3 5 6 7 11 17 18 19 30 31 32 33 36 37 40 
46 4 6 21 3 6 7 8 9 11 14 18 23 25 27 28 30 31 32 34 36 38 39 40 43 
47 4 4 15 4 6 8 9 13 14 22 23 26 27 32 37 38 39 43 
48 4 6 17 3 4 7 10 13 16 19 20 21 23 24 31 32 33 37 39 43 
49 4 7 19 2 4 8 10 11 13 14 18 19 21 23 27 28 30 32 36 39 40 42 
50 4 6 23 1 2 3 5 6 8 9 11 12 13 15 16 17 21 23 27 30 31 32 33 36 39 42 
