50 20
1 0 12 0 
2 0 1 0 
3 0 5 0 
4 0 29 0 
5 0 2 0 
6 0 6 0 
7 0 9 0 
8 1 1 1 7 
9 1 9 1 5 
10 0 1 0 
11 1 10 2 1 4 
12 0 12 0 
13 1 10 2 1 7 
14 0 21 0 
15 1 7 1 5 
16 0 4 0 
17 0 4 0 
18 1 10 2 1 6 
19 1 2 2 2 7 
20 0 6 0 
21 1 1 2 2 3 
22 2 4 4 6 9 14 17 
23 2 4 2 3 11 
24 2 9 8 2 4 7 11 12 17 19 21 
25 1 2 3 2 5 14 
26 0 3 0 
27 2 1 3 1 19 20 
28 2 18 5 4 9 12 15 20 
29 2 11 7 2 3 9 13 14 17 18 
30 2 35 5 8 12 14 17 18 
31 2 4 4 1 12 18 20 
32 1 11 2 3 10 
33 2 3 2 3 8 
34 3 21 4 1 7 27 30 
35 3 4 4 4 7 9 28 
36 3 5 4 1 6 11 27 
37 2 11 2 8 21 
38 2 1 5 5 8 12 25 26 
39 4 42 9 6 13 15 16 17 23 28 31 35 
40 3 1 5 2 13 15 31 38 
41 2 7 2 6 15 
42 4 2 4 8 12 22 35 
43 3 3 4 10 14 19 37 
44 3 4 4 2 5 14 38 
45 4 28 7 1 8 11 16 17 18 35 
46 2 2 7 1 4 9 13 17 25 32 
47 4 7 5 4 5 7 15 36 
48 3 19 7 2 10 24 25 27 37 38 
49 4 2 8 3 8 12 15 16 18 34 37 
50 3 9 4 10 11 17 37 
