50 20
1 0 1 0 
2 0 16 0 
3 0 18 0 
4 0 1 0 
5 0 7 0 
6 0 8 0 
7 0 2 0 
8 0 40 0 
9 0 13 0 
10 0 28 0 
11 0 4 0 
12 0 1 0 
13 1 3 2 7 10 
14 1 3 2 5 8 
15 0 34 0 
16 0 10 0 
17 1 20 2 3 6 
18 1 6 5 1 2 5 6 10 
19 1 37 5 1 3 5 9 10 
20 1 11 5 4 8 9 11 12 
21 1 9 3 5 9 10 
22 2 3 4 8 9 13 16 
23 2 8 3 9 12 17 
24 2 24 2 10 20 
25 2 9 5 5 8 9 14 16 
26 1 28 4 2 5 9 11 
27 2 21 5 2 10 14 17 18 
28 2 2 5 6 11 12 15 21 
29 2 6 5 4 9 13 14 20 
30 3 8 6 4 10 16 22 24 29 
31 3 6 5 10 16 17 20 23 
32 3 34 5 1 8 15 24 26 
33 2 1 7 1 3 7 12 15 16 26 
34 3 13 7 3 10 12 16 18 19 25 
35 3 16 5 1 7 16 21 22 
36 3 4 8 3 7 11 13 18 19 22 28 
37 3 4 1 22 
38 2 2 3 1 15 19 
39 3 9 5 3 19 22 26 27 
40 4 7 11 4 7 10 16 18 24 25 26 31 35 37 
41 4 2 9 1 16 17 22 24 29 33 34 38 
42 4 7 8 4 9 14 17 26 28 29 36 
43 4 3 8 2 12 14 20 22 23 32 38 
44 4 2 7 3 8 12 18 21 31 39 
45 4 6 8 1 2 17 23 24 26 28 30 
46 3 11 10 2 12 14 18 20 21 25 28 29 38 
47 4 3 7 2 5 17 28 31 33 38 
48 2 7 4 6 8 14 19 
49 4 1 8 3 7 8 9 18 23 35 38 
50 4 5 4 10 11 12 36 
