50 20
1 0 7 0 
2 1 10 1 1 
3 0 18 0 
4 0 20 0 
5 0 8 0 
6 0 10 0 
7 1 10 2 1 3 
8 0 5 0 
9 1 1 1 6 
10 1 7 1 6 
11 0 18 0 
12 1 10 2 8 11 
13 1 1 2 3 4 
14 2 16 2 6 9 
15 2 9 1 2 
16 0 2 0 
17 0 2 0 
18 0 10 0 
19 2 14 2 11 12 
20 2 2 1 9 
21 2 5 2 12 13 
22 0 14 0 
23 2 13 3 2 11 12 
24 2 8 1 13 
25 3 16 3 9 21 22 
26 3 6 5 14 17 21 22 23 
27 0 8 0 
28 3 19 3 12 14 15 
29 1 4 1 18 
30 1 4 2 8 22 
31 4 10 8 1 4 9 14 22 26 27 30 
32 1 16 3 5 11 17 
33 3 5 6 8 12 16 24 27 30 
34 4 1 4 4 10 15 25 
35 3 17 4 1 17 21 23 
36 3 10 2 5 20 
37 4 10 6 2 11 14 27 33 36 
38 3 1 1 23 
39 3 4 4 2 17 19 32 
40 5 10 4 1 12 23 37 
41 6 6 8 5 21 24 27 28 34 35 40 
42 4 8 8 3 11 19 21 22 25 26 36 
43 5 5 7 6 7 9 14 23 28 37 
44 6 3 3 2 3 43 
45 5 5 2 10 37 
46 4 14 4 8 9 27 33 
47 7 9 8 11 16 19 23 28 37 41 45 
48 1 20 2 5 18 
49 8 4 3 30 37 47 
50 6 5 5 12 14 22 27 43 
