50 20
1 0 9 0 
2 0 20 0 
3 0 6 0 
4 0 3 0 
5 0 17 0 
6 0 7 0 
7 0 1 0 
8 1 18 2 3 6 
9 1 14 2 5 7 
10 0 5 0 
11 0 2 0 
12 2 5 1 8 
13 1 15 1 3 
14 1 1 1 2 
15 0 9 0 
16 1 13 3 1 10 15 
17 2 9 4 1 4 8 16 
18 2 1 3 14 15 16 
19 2 8 3 3 5 8 
20 2 3 4 6 7 9 10 
21 0 2 0 
22 3 4 2 6 19 
23 2 11 4 4 6 10 13 
24 3 6 2 11 19 
25 4 12 5 6 9 12 16 22 
26 1 4 2 4 7 
27 1 16 1 7 
28 2 8 4 2 11 16 27 
29 2 8 3 2 16 27 
30 3 4 3 4 7 28 
31 3 19 2 15 19 
32 5 4 2 25 28 
33 3 17 3 9 10 29 
34 3 4 3 13 15 19 
35 5 2 6 1 19 21 24 25 27 
36 4 7 1 34 
37 5 18 8 5 11 13 16 18 19 28 36 
38 5 3 5 7 12 25 27 28 
39 6 3 3 19 24 32 
40 4 3 3 1 23 30 
41 4 17 4 10 19 20 31 
42 6 14 5 15 18 32 38 41 
43 5 1 4 4 15 18 36 
44 6 17 6 4 14 23 30 32 40 
45 7 2 6 1 6 14 33 39 42 
46 5 13 2 2 40 
47 6 12 5 15 32 37 41 46 
48 7 20 5 10 13 27 34 47 
49 7 14 6 1 2 14 19 28 47 
50 8 1 11 8 10 14 15 21 24 28 31 33 47 49 
