50 20
1 0 2 0 
2 0 5 0 
3 1 3 1 1 
4 1 5 2 1 2 
5 2 7 3 2 3 4 
6 3 3 4 1 2 3 5 
7 4 5 4 2 3 5 6 
8 5 5 4 2 3 4 7 
9 6 2 5 1 5 6 7 8 
10 7 3 6 4 5 6 7 8 9 
11 7 3 6 1 4 5 6 8 9 
12 8 9 6 1 3 5 6 7 10 
13 9 6 8 1 3 5 6 7 9 10 12 
14 10 13 4 2 8 10 13 
15 10 4 8 2 4 6 8 9 11 12 13 
16 11 6 9 1 4 6 7 8 9 11 12 15 
17 12 7 9 2 5 6 8 9 11 14 15 16 
18 13 3 12 1 2 3 4 5 7 10 11 12 13 16 17 
19 14 22 10 1 3 5 8 9 13 14 16 17 18 
20 15 14 12 1 4 5 6 7 8 9 13 14 16 18 19 
21 16 17 15 1 2 3 4 5 6 7 8 9 11 12 14 17 19 20 
22 17 4 17 1 2 4 6 7 8 10 11 12 13 15 16 17 18 19 20 21 
23 18 1 14 1 4 5 7 8 9 10 13 14 15 18 20 21 22 
24 17 1 16 1 2 4 5 6 7 8 9 10 12 13 15 16 17 19 21 
25 18 6 13 1 3 4 10 11 12 13 15 17 18 19 21 24 
26 19 1 18 4 6 7 8 9 10 11 12 14 15 16 17 18 19 20 21 22 25 
27 19 2 15 1 2 3 6 8 9 10 13 16 18 19 20 23 24 25 
28 20 5 13 5 6 7 8 10 12 14 16 18 19 20 26 27 
29 21 5 15 4 5 8 10 11 12 14 16 17 18 21 22 23 27 28 
30 22 1 21 1 2 3 4 6 7 8 9 10 11 12 13 16 17 18 19 21 23 25 26 29 
31 21 4 23 1 2 3 4 5 7 8 9 11 12 13 14 16 17 18 19 20 22 24 25 26 27 28 
32 23 1 24 1 2 4 5 6 7 8 9 10 13 14 15 16 17 19 20 21 22 24 25 27 29 30 31 
33 24 1 19 4 5 7 8 9 10 11 13 14 15 16 19 20 21 23 28 29 31 32 
34 25 1 24 1 2 4 6 7 8 10 12 13 14 15 17 18 19 20 21 25 26 27 28 29 31 32 33 
35 25 3 21 3 7 9 10 11 12 13 14 16 17 18 20 22 23 24 25 27 29 30 31 33 
36 25 2 27 1 2 3 4 5 6 8 9 10 11 12 13 14 15 16 17 19 20 21 22 23 24 25 26 29 30 33 
37 26 3 22 2 3 4 6 8 9 11 12 13 14 17 18 20 21 24 26 30 32 33 34 35 36 
38 27 1 23 2 3 4 5 7 8 9 11 12 13 14 17 18 20 21 22 25 31 32 34 35 36 37 
39 28 10 27 1 2 3 5 7 8 10 11 12 13 16 18 22 23 26 27 28 29 30 31 32 33 34 35 36 37 38 
40 28 1 23 1 4 6 7 8 9 10 13 15 17 18 22 23 26 27 28 29 31 32 34 35 37 38 
41 29 3 27 1 2 4 6 8 9 11 12 13 15 16 19 20 23 25 26 27 28 30 31 32 34 35 36 37 38 40 
42 30 5 29 1 2 4 5 6 7 8 9 10 11 12 18 19 20 21 25 27 28 29 30 31 32 34 36 37 38 39 40 41 
43 30 3 26 1 2 4 8 10 12 13 14 16 18 19 20 21 24 26 27 28 29 32 34 35 36 38 39 40 41 
44 30 1 26 1 3 5 7 8 9 11 12 13 14 15 16 17 18 19 20 21 24 25 30 31 32 36 37 40 41 
45 30 4 30 1 2 3 4 6 7 9 11 12 14 15 16 18 20 21 22 23 25 26 27 29 30 31 33 34 36 37 38 40 41 
46 31 1 28 2 4 6 8 9 10 12 14 16 17 19 20 21 22 23 25 27 28 29 30 31 32 34 35 36 40 41 44 
47 31 3 35 2 3 4 5 6 8 9 10 11 12 13 15 17 18 19 20 21 22 24 25 26 27 29 30 31 32 34 35 36 37 38 40 42 43 44 
48 32 2 28 1 2 3 4 6 7 11 12 13 14 20 21 23 24 25 26 27 28 32 34 36 37 40 41 42 44 45 47 
49 33 1 33 4 5 6 8 9 10 12 13 14 17 18 20 22 24 25 27 29 30 31 32 33 34 35 37 38 39 40 41 42 44 46 47 48 
50 34 9 27 1 3 4 5 7 10 11 12 17 19 20 28 29 30 31 36 38 39 40 42 43 44 45 46 47 48 49 
