50 20
1 0 8 0 
2 0 11 0 
3 0 3 0 
4 0 11 0 
5 0 31 0 
6 0 7 0 
7 0 19 0 
8 0 5 0 
9 0 8 0 
10 0 10 0 
11 1 2 2 3 9 
12 1 2 1 4 
13 0 30 0 
14 0 12 0 
15 0 11 0 
16 1 5 1 10 
17 1 20 1 7 
18 1 9 1 3 
19 1 5 1 15 
20 2 9 1 16 
21 2 8 2 14 18 
22 1 25 2 9 15 
23 1 4 1 9 
24 2 6 1 16 
25 1 34 2 9 14 
26 1 8 1 4 
27 0 13 0 
28 1 1 1 8 
29 2 2 3 7 8 28 
30 2 14 4 10 14 17 25 
31 3 7 5 3 5 12 16 20 
32 2 5 3 8 10 19 
33 2 3 2 13 26 
34 0 3 0 
35 3 2 4 4 20 27 28 
36 3 3 7 13 15 16 17 19 20 22 
37 4 8 4 8 15 28 31 
38 4 2 4 5 11 17 31 
39 3 2 3 19 20 24 
40 1 7 1 27 
41 3 9 6 6 8 9 10 14 21 
42 1 5 1 6 
43 1 1 1 2 
44 1 3 2 13 27 
45 1 2 1 5 
46 3 3 2 10 29 
47 1 1 1 4 
48 2 5 2 13 26 
49 1 8 1 14 
50 3 2 2 10 32 
