50 20
1 0 12 0 
2 0 6 0 
3 1 7 2 1 2 
4 2 6 2 1 3 
5 3 9 4 1 2 3 4 
6 4 6 3 1 4 5 
7 5 5 5 1 2 3 4 6 
8 6 4 7 1 2 3 4 5 6 7 
9 7 11 7 1 2 3 5 6 7 8 
10 8 10 9 1 2 3 4 5 6 7 8 9 
11 9 6 6 2 3 5 6 9 10 
12 9 6 8 1 3 4 5 6 7 8 10 
13 10 7 8 1 4 5 8 9 10 11 12 
14 11 5 9 2 4 5 6 7 8 11 12 13 
15 12 6 11 1 2 4 5 6 7 8 10 12 13 14 
16 13 9 13 1 3 4 5 6 8 9 10 11 12 13 14 15 
17 14 11 13 1 2 3 4 5 6 7 8 9 10 11 14 16 
18 14 5 12 1 2 3 8 9 10 11 12 13 14 15 16 
19 15 13 11 1 2 4 7 9 11 12 13 14 17 18 
20 15 7 12 3 4 5 7 8 10 11 12 13 14 16 18 
21 16 4 17 1 2 3 4 5 6 8 10 11 12 14 15 16 17 18 19 20 
22 16 13 18 1 2 3 4 6 7 8 9 10 11 12 13 14 16 17 18 19 20 
23 17 7 17 1 2 5 7 8 9 10 11 12 13 15 16 17 19 20 21 22 
24 18 11 19 3 4 5 6 7 8 10 11 12 13 14 15 16 17 19 20 21 22 23 
25 19 8 15 2 3 5 8 9 10 11 12 13 14 15 17 20 21 24 
26 20 11 18 3 5 6 7 8 9 10 11 13 14 15 17 18 20 21 23 24 25 
27 21 5 21 1 2 3 4 5 6 7 9 11 12 13 14 15 16 17 18 19 21 23 25 26 
28 22 6 22 1 2 3 4 6 7 9 10 11 12 13 15 16 17 18 19 20 21 22 23 25 27 
29 23 4 22 3 4 5 6 7 8 9 11 12 13 14 15 16 17 18 19 20 21 22 23 25 28 
30 24 7 23 1 3 4 5 6 8 9 10 11 13 14 15 16 17 19 20 22 23 24 25 26 28 29 
31 23 5 19 1 2 5 6 8 9 10 11 12 13 14 17 18 19 21 23 26 27 28 
32 25 8 20 1 2 3 5 6 7 8 10 11 12 16 17 18 19 20 21 23 27 29 30 
33 26 6 23 1 2 4 5 6 7 8 10 11 12 14 15 16 18 21 22 25 26 27 28 30 31 32 
34 27 5 23 2 3 4 5 6 7 9 10 11 13 14 16 17 19 20 21 23 25 26 28 29 30 33 
35 28 11 28 1 2 3 5 6 8 9 10 11 12 13 14 15 16 17 19 22 23 24 25 26 27 28 30 31 32 33 34 
36 28 7 20 2 3 4 5 7 9 13 14 15 16 20 21 22 23 25 26 27 28 30 34 
37 29 15 25 3 6 8 9 10 11 12 13 14 15 16 17 18 19 20 21 22 23 25 26 28 29 34 35 36 
38 29 6 24 1 2 3 4 6 9 10 11 13 15 16 18 19 20 23 24 25 27 28 31 32 33 34 35 
39 30 12 28 1 3 5 6 7 8 9 10 11 12 13 15 18 20 22 23 24 25 26 28 30 31 32 33 34 35 36 37 
40 31 6 31 2 3 4 5 6 7 8 10 11 12 15 16 18 19 20 21 22 23 24 26 27 28 29 30 31 32 34 36 37 38 39 
41 32 6 26 3 4 5 6 7 8 10 11 12 13 18 20 22 23 24 25 26 27 29 31 32 33 36 38 39 40 
42 33 5 30 1 2 3 5 6 7 8 9 10 12 13 14 15 18 20 21 22 23 28 30 31 32 33 34 35 36 37 38 40 41 
43 33 7 29 1 2 3 4 5 6 7 8 9 10 11 13 14 17 18 19 20 21 23 25 30 32 33 35 36 37 38 40 41 
44 34 6 30 1 2 3 5 6 9 15 16 18 19 20 21 22 23 24 25 26 28 29 30 32 33 34 35 36 37 38 40 42 43 
45 35 10 37 1 2 3 4 5 6 7 8 9 10 11 12 14 16 18 19 20 22 23 25 26 27 28 30 31 32 33 34 35 36 37 38 39 40 42 43 44 
46 34 5 28 3 4 7 8 10 12 13 14 15 17 19 21 22 23 24 25 27 28 30 31 32 33 34 36 37 39 40 42 
47 36 14 36 1 2 3 4 5 6 7 9 10 11 12 16 17 18 19 20 22 23 24 25 26 27 28 29 30 31 32 33 35 37 39 40 41 42 45 46 
48 35 8 32 1 2 3 4 5 8 10 11 12 14 15 17 18 19 20 21 22 23 27 28 31 32 33 34 35 36 37 39 40 42 44 46 
49 37 10 39 3 4 5 6 7 8 9 10 11 12 14 15 16 17 18 19 20 21 22 23 25 26 27 28 30 31 32 33 36 38 39 40 41 42 43 44 46 47 48 
50 38 7 35 2 3 5 7 8 10 11 12 13 18 19 20 21 22 23 24 25 27 28 29 31 32 33 35 36 37 38 41 43 44 45 46 47 48 49 
