50 20
1 0 7 0 
2 0 12 0 
3 0 11 0 
4 0 5 0 
5 0 5 0 
6 0 11 0 
7 0 10 0 
8 0 11 0 
9 0 10 0 
10 0 14 0 
11 0 10 0 
12 1 13 7 1 3 4 5 6 7 10 
13 1 11 3 1 2 10 
14 1 7 4 3 4 6 10 
15 1 6 5 2 3 6 8 11 
16 1 12 5 2 3 9 10 11 
17 1 14 3 7 9 11 
18 1 17 6 1 2 6 7 8 11 
19 1 11 5 1 3 5 10 11 
20 1 10 6 1 2 3 5 7 8 
21 1 8 4 1 4 5 8 
22 2 7 8 1 5 6 7 9 12 19 20 
23 2 7 9 3 5 8 12 14 16 17 18 21 
24 2 8 14 2 4 5 7 8 9 10 11 13 14 15 18 19 21 
25 2 7 10 3 5 6 7 11 13 17 19 20 21 
26 2 10 6 2 3 5 8 10 13 
27 2 7 10 2 4 6 7 8 9 11 12 19 21 
28 2 10 8 1 2 10 14 16 17 19 20 
29 2 10 6 3 7 10 13 15 16 
30 2 2 9 3 6 7 8 12 13 15 16 19 
31 3 16 12 2 4 7 11 14 16 17 18 19 21 22 25 
32 3 10 8 7 16 18 21 23 24 25 28 
33 3 11 13 5 6 8 10 12 13 14 17 20 26 27 28 30 
34 3 13 10 7 8 12 13 16 18 19 25 26 30 
35 3 9 13 3 4 7 8 9 10 12 15 16 17 20 25 30 
36 3 7 14 2 6 7 10 11 12 17 18 22 23 24 26 27 28 
37 3 15 17 1 2 3 4 5 8 9 13 16 17 19 21 24 25 26 29 30 
38 3 12 10 1 11 12 13 15 17 18 19 23 29 
39 3 9 12 5 7 8 11 12 13 15 18 19 21 25 29 
40 4 12 15 3 5 7 12 16 17 20 21 22 23 24 27 29 31 39 
41 4 18 15 2 7 11 12 16 20 22 23 25 26 34 35 36 37 39 
42 4 7 19 5 6 7 8 9 10 12 13 15 16 18 19 29 30 31 33 36 38 39 
43 4 12 15 3 9 13 14 16 20 21 22 25 26 27 28 30 34 35 
44 4 11 18 4 6 7 9 12 17 18 19 23 24 25 26 27 30 34 35 38 39 
45 4 9 20 1 2 5 7 8 10 11 13 15 19 22 24 25 26 27 32 35 36 37 38 
46 4 4 12 7 10 15 16 19 22 23 24 31 33 37 38 
47 4 15 20 2 3 4 6 7 9 10 12 13 14 15 17 20 22 24 26 30 31 34 35 
48 4 9 13 3 4 5 10 11 13 14 19 27 28 32 33 35 
49 4 10 16 3 5 6 13 15 16 21 22 23 26 27 28 31 36 37 39 
50 4 6 17 1 2 3 5 8 11 13 18 22 25 26 29 30 31 32 35 36 
