50 20
1 0 8 0 
2 0 4 0 
3 0 4 0 
4 0 4 0 
5 0 9 0 
6 0 6 0 
7 0 3 0 
8 0 3 0 
9 0 10 0 
10 0 6 0 
11 0 2 0 
12 0 1 0 
13 0 10 0 
14 1 1 3 3 10 11 
15 1 10 2 9 13 
16 1 10 1 1 
17 0 7 0 
18 1 7 2 1 10 
19 1 7 2 3 4 
20 1 8 1 13 
21 1 1 1 13 
22 1 2 1 9 
23 1 1 1 5 
24 1 10 1 4 
25 1 8 1 6 
26 2 3 3 1 12 18 
27 1 7 1 3 
28 2 8 3 13 17 22 
29 1 2 4 2 3 13 17 
30 1 6 3 3 10 17 
31 1 5 2 1 13 
32 2 4 3 1 10 18 
33 2 9 5 8 16 23 25 29 
34 2 8 5 4 6 19 22 24 
35 2 10 4 1 5 19 25 
36 2 9 3 1 21 30 
37 2 3 2 18 31 
38 3 4 4 4 16 19 28 
39 3 8 6 2 12 19 22 26 27 
40 1 8 1 7 
41 3 6 7 1 2 13 18 21 25 28 
42 2 6 2 16 22 
43 2 6 3 15 19 30 
44 4 9 7 3 14 19 20 25 35 38 
45 2 3 5 6 8 14 20 24 
46 4 3 4 1 22 34 41 
47 3 8 4 11 18 32 34 
48 4 1 6 3 6 10 11 16 41 
49 3 10 2 28 37 
50 4 4 5 11 18 20 37 38 
