50 20
1 0 15 0 
2 0 11 0 
3 0 1 0 
4 0 18 0 
5 0 7 0 
6 0 11 0 
7 0 8 0 
8 1 2 1 3 
9 1 17 2 2 4 
10 1 7 1 6 
11 1 16 1 5 
12 0 17 0 
13 0 8 0 
14 0 1 0 
15 0 1 0 
16 0 8 0 
17 0 9 0 
18 0 19 0 
19 1 3 2 3 4 
20 1 7 1 3 
21 1 7 1 3 
22 2 7 1 10 
23 1 20 1 17 
24 1 6 2 2 16 
25 1 13 1 17 
26 1 10 1 12 
27 1 6 2 5 17 
28 1 10 1 4 
29 2 6 3 13 20 23 
30 2 6 2 7 20 
31 2 11 2 7 8 
32 0 6 0 
33 2 2 3 21 25 26 
34 2 15 2 20 25 
35 2 6 2 9 13 
36 1 4 3 3 4 6 
37 2 7 2 1 9 
38 1 3 1 12 
39 1 14 3 2 5 7 
40 1 2 2 13 16 
41 2 20 2 8 24 
42 3 8 3 4 21 37 
43 3 10 3 2 20 30 
44 3 5 7 5 8 18 21 28 35 39 
45 3 1 3 17 30 31 
46 3 7 3 4 13 31 
47 3 8 5 1 7 23 29 34 
48 3 15 5 8 13 18 30 40 
49 3 8 2 6 31 
50 2 15 2 9 12 
