50 20
1 0 2 0 
2 0 6 0 
3 0 1 0 
4 0 4 0 
5 0 2 0 
6 0 4 0 
7 0 1 0 
8 0 6 0 
9 0 23 0 
10 1 5 8 1 2 3 4 6 7 8 9 
11 1 29 7 1 2 3 5 6 7 9 
12 1 1 6 2 3 4 5 6 7 
13 1 10 7 2 3 4 5 6 7 9 
14 1 4 5 1 5 6 8 9 
15 1 8 6 1 3 5 7 8 9 
16 1 12 6 3 4 6 7 8 9 
17 1 2 8 1 2 3 4 5 6 8 9 
18 2 3 13 1 2 5 6 7 9 10 11 13 14 15 16 17 
19 2 2 13 1 2 3 4 5 7 8 9 12 13 14 16 17 
20 2 4 12 1 2 4 5 7 8 9 10 11 12 16 17 
21 2 11 12 1 2 5 6 7 10 11 12 13 14 15 17 
22 2 5 16 1 2 3 4 5 6 8 9 10 11 12 13 14 15 16 17 
23 2 19 13 1 3 5 6 7 9 10 11 12 13 14 15 17 
24 2 4 14 2 4 6 7 8 9 10 11 12 13 14 15 16 17 
25 2 6 14 1 2 3 5 6 7 8 9 10 12 13 15 16 17 
26 2 2 15 1 2 3 5 6 7 8 9 10 11 12 13 15 16 17 
27 2 2 16 1 2 3 4 5 6 7 8 9 11 12 13 14 15 16 17 
28 2 1 11 1 2 3 6 7 9 10 11 12 14 15 
29 2 1 16 1 2 3 4 5 7 8 9 10 11 12 13 14 15 16 17 
30 2 4 13 1 2 3 4 6 7 8 9 10 12 13 14 17 
31 3 2 27 1 2 3 4 5 6 7 8 9 10 11 13 14 15 16 17 18 19 21 22 23 25 26 27 28 29 30 
32 3 1 24 1 2 3 4 7 8 9 10 11 12 13 14 15 19 20 21 22 23 24 25 27 28 29 30 
33 3 4 24 1 2 3 4 5 6 7 8 9 10 11 15 16 17 18 19 21 22 24 25 26 27 28 29 
34 3 1 19 4 6 7 10 11 12 13 14 15 16 17 20 22 23 24 26 27 28 30 
35 3 2 25 2 3 4 5 6 7 8 9 11 13 14 15 16 17 19 20 21 22 23 24 25 26 27 28 30 
36 3 4 19 4 6 8 9 10 12 13 15 17 18 19 20 21 23 24 25 27 29 30 
37 3 5 22 1 2 3 5 7 8 9 10 11 13 14 15 17 18 19 20 23 24 27 28 29 30 
38 3 4 24 1 2 3 4 5 6 7 8 9 10 13 14 15 16 17 18 19 21 22 23 26 27 28 29 
39 3 3 24 1 2 5 6 7 8 9 10 11 12 13 15 16 17 18 20 21 22 23 24 26 27 28 29 
40 3 3 22 1 2 3 4 5 6 7 8 9 10 11 12 13 18 19 22 23 24 26 27 29 30 
41 4 6 35 1 2 3 4 5 7 8 9 11 12 13 14 15 16 17 18 19 22 23 24 25 26 27 28 29 31 32 33 34 35 36 37 38 39 40 
42 4 2 31 2 3 4 6 7 8 9 10 12 13 14 16 18 19 20 21 23 24 26 27 28 29 30 31 32 33 34 36 37 39 40 
43 4 5 31 1 2 3 4 5 6 7 9 11 12 13 14 15 16 17 18 19 20 21 22 24 25 26 29 32 33 34 35 37 38 39 
44 4 5 30 1 3 5 6 7 8 13 14 15 17 18 19 20 21 22 23 24 26 27 28 30 32 33 34 35 36 37 38 39 40 
45 4 2 32 1 2 4 5 6 7 9 11 12 13 15 16 17 18 20 21 22 23 24 25 26 27 29 30 31 32 33 36 37 38 39 40 
46 4 7 30 1 3 5 6 9 11 12 13 14 15 17 19 20 22 23 24 25 26 28 29 30 32 33 34 35 36 37 38 39 40 
47 4 5 29 1 3 6 7 8 9 10 12 13 14 15 18 19 20 22 24 25 26 27 28 29 32 33 34 35 36 37 39 40 
48 4 1 28 1 2 4 5 6 7 8 10 12 13 14 15 16 17 18 19 21 22 24 25 26 27 31 32 33 36 37 40 
49 4 6 31 1 2 3 4 6 7 8 9 13 14 15 16 17 18 19 21 22 23 25 26 28 29 30 32 33 34 35 36 37 39 40 
50 4 1 31 1 2 4 5 6 11 12 13 14 15 16 17 18 19 20 21 22 24 25 26 27 28 30 31 32 33 36 37 38 39 40 
