50 20
1 0 6 0 
2 0 3 0 
3 0 7 0 
4 0 1 0 
5 0 8 0 
6 0 9 0 
7 0 9 0 
8 0 8 0 
9 0 3 0 
10 0 9 0 
11 0 7 0 
12 0 9 0 
13 1 8 5 1 2 4 10 12 
14 1 4 7 1 4 6 7 8 9 10 
15 1 6 8 1 2 3 4 6 8 9 11 
16 1 9 6 2 3 4 7 9 11 
17 1 5 8 1 3 4 5 6 8 10 12 
18 1 4 5 5 6 8 10 11 
19 1 5 7 1 2 3 5 7 9 11 
20 1 4 5 2 4 6 10 11 
21 1 10 9 2 3 4 5 6 7 8 9 10 
22 1 3 7 5 6 7 8 10 11 12 
23 1 1 6 1 2 3 5 7 8 
24 1 10 7 2 5 6 7 9 10 11 
25 1 3 6 2 6 7 8 11 12 
26 1 1 9 1 2 4 6 8 9 10 11 12 
27 2 7 11 5 7 8 9 11 13 14 16 22 24 25 
28 2 7 14 2 3 4 5 6 9 10 11 12 14 17 23 25 26 
29 2 3 16 1 4 5 6 9 10 11 12 14 15 16 17 18 19 22 26 
30 2 4 18 1 3 4 8 10 11 13 14 15 16 17 20 21 22 23 24 25 26 
31 2 7 14 1 4 6 7 9 11 12 14 16 18 21 22 23 26 
32 2 9 15 2 6 8 9 10 11 12 16 17 18 20 22 24 25 26 
33 2 8 14 2 5 6 8 10 12 14 15 16 18 20 21 24 25 
34 2 5 20 1 2 3 5 6 7 8 9 10 13 14 15 16 17 19 20 22 23 24 26 
35 2 2 15 1 2 4 5 6 7 8 11 16 18 19 20 23 24 25 
36 2 7 15 3 4 5 7 8 9 10 14 15 16 17 20 24 25 26 
37 2 2 16 1 2 3 4 5 8 9 11 13 16 18 19 20 22 25 26 
38 2 2 11 2 5 7 10 12 14 15 18 20 22 23 
39 3 4 16 3 4 14 15 18 20 21 22 25 26 28 30 33 34 36 37 
40 3 9 19 1 3 4 7 11 12 15 16 18 19 20 23 24 25 28 29 36 37 38 
41 3 7 23 2 4 6 7 8 11 17 19 20 21 22 24 25 27 29 30 31 32 33 34 36 37 38 
42 3 1 21 2 5 6 7 8 11 12 15 17 18 19 21 22 23 25 29 31 34 35 37 38 
43 3 10 20 2 3 6 7 8 9 11 12 14 15 17 18 19 21 25 26 28 31 36 37 
44 3 8 19 1 7 9 11 12 13 14 15 16 18 21 23 24 26 34 35 36 37 38 
45 4 2 23 1 3 4 6 7 10 13 14 15 17 21 24 26 28 31 32 33 37 38 39 40 42 43 
46 4 5 26 2 3 6 7 8 9 11 12 15 17 18 19 20 22 25 26 28 31 32 33 34 36 37 38 40 42 
47 4 8 23 1 3 4 6 8 9 10 11 12 14 16 20 21 26 28 30 32 33 34 35 37 39 42 
48 4 1 25 3 4 5 6 10 11 12 13 15 19 20 21 23 24 25 26 28 29 30 31 33 37 39 40 43 
49 4 4 24 2 5 6 7 10 13 14 16 17 18 20 21 24 27 29 31 34 35 36 39 40 41 43 44 
50 4 5 27 2 3 5 6 8 9 11 12 13 14 16 18 20 21 24 25 26 29 30 31 32 33 34 39 41 43 44 
