50 20
1 0 3 0 
2 1 2 1 1 
3 2 10 1 2 
4 0 6 0 
5 1 10 1 1 
6 2 3 2 4 5 
7 2 2 1 5 
8 3 2 2 3 4 
9 1 4 1 4 
10 2 6 1 2 
11 2 4 3 1 2 5 
12 3 2 4 3 5 7 10 
13 4 2 2 8 11 
14 3 8 4 7 9 10 11 
15 2 7 2 4 5 
16 3 4 3 3 10 11 
17 4 1 5 2 3 4 6 16 
18 0 1 0 
19 5 1 3 6 12 17 
20 6 4 7 1 2 12 13 14 18 19 
21 7 8 5 2 4 8 18 20 
22 4 8 4 2 6 14 16 
23 3 1 2 2 7 
24 4 8 4 5 11 16 23 
25 5 5 4 4 13 22 23 
26 4 9 3 2 8 16 
27 4 5 7 2 4 7 11 14 15 16 
28 5 4 8 6 7 10 13 16 17 24 27 
29 7 8 12 2 9 10 12 13 14 19 20 25 26 27 28 
30 6 3 6 2 5 7 15 25 27 
31 8 2 5 15 20 22 25 29 
32 9 1 8 3 4 12 14 17 18 30 31 
33 10 4 9 4 10 12 15 20 21 24 31 32 
34 9 8 8 5 6 9 14 22 27 29 31 
35 7 7 6 3 6 7 9 20 28 
36 10 1 4 20 21 31 34 
37 8 7 8 1 3 5 10 14 16 19 35 
38 11 8 3 5 24 33 
39 10 4 7 2 13 15 16 32 34 35 
40 8 3 3 13 21 28 
41 10 3 9 10 12 16 17 20 28 29 34 37 
42 11 10 9 1 9 10 11 12 14 20 33 36 
43 10 7 7 8 9 16 18 19 28 34 
44 11 5 7 9 11 14 16 18 22 33 
45 11 3 6 9 19 27 28 33 40 
46 12 6 2 33 45 
47 12 3 5 23 27 30 31 45 
48 13 4 7 3 12 25 29 38 39 47 
49 11 1 6 10 12 21 22 23 36 
50 14 4 16 9 14 15 20 21 23 25 29 32 35 38 41 42 43 48 49 
