50 20
1 0 13 0 
2 1 23 1 1 
3 0 9 0 
4 2 4 3 1 2 3 
5 2 2 2 1 2 
6 3 20 2 2 4 
7 2 4 1 2 
8 4 18 3 1 2 6 
9 4 8 1 6 
10 4 12 2 2 6 
11 3 14 2 2 7 
12 4 2 3 1 3 6 
13 4 11 3 1 5 11 
14 5 16 3 3 9 12 
15 6 1 4 1 3 12 14 
16 7 7 4 2 8 14 15 
17 8 18 4 9 13 15 16 
18 9 48 5 3 12 14 16 17 
19 8 17 3 6 10 16 
20 7 26 3 8 12 15 
21 8 2 5 1 7 10 13 20 
22 10 35 10 1 2 3 6 7 8 12 13 15 18 
23 9 29 9 1 2 5 7 8 9 10 11 17 
24 6 12 7 4 5 8 9 10 11 14 
25 10 26 6 3 4 5 7 18 23 
26 11 11 6 6 7 20 22 23 25 
27 10 7 5 6 7 18 19 20 
28 11 8 9 4 7 8 11 12 20 21 25 27 
29 11 7 9 2 6 9 11 13 17 22 25 27 
30 12 15 8 5 13 18 19 21 22 26 28 
31 12 8 8 4 9 10 11 13 19 24 29 
32 13 5 13 1 2 3 5 11 14 17 19 25 26 27 28 30 
33 11 50 8 6 9 11 12 21 23 24 27 
34 12 1 9 1 5 7 10 12 17 19 29 33 
35 13 6 12 3 4 8 9 12 15 16 19 23 24 29 34 
36 11 3 9 2 4 7 10 11 12 14 23 25 
37 13 2 13 2 7 11 12 13 14 16 20 21 23 25 28 34 
38 14 2 10 4 6 9 10 14 20 22 25 35 37 
39 14 19 14 4 6 8 9 10 12 19 22 23 24 31 32 34 36 
40 14 24 13 1 6 8 13 14 15 19 26 28 31 32 35 36 
41 15 41 11 4 7 10 12 13 15 16 22 32 39 40 
42 13 15 13 6 7 10 14 16 17 21 22 26 29 30 34 36 
43 15 7 9 6 11 12 14 18 23 24 26 39 
44 15 1 12 2 3 13 15 17 18 26 29 34 38 39 42 
45 16 4 16 1 3 10 11 13 15 16 19 26 29 31 32 33 35 37 44 
46 16 6 19 1 2 8 10 16 17 19 22 25 28 29 30 33 37 38 40 42 43 44 
47 17 1 8 9 16 23 29 30 31 37 45 
48 18 15 21 3 5 9 12 15 18 21 24 25 27 31 33 34 35 41 42 43 44 45 46 47 
49 19 9 15 5 6 10 11 16 21 22 25 26 34 40 42 44 45 48 
50 20 1 14 1 15 16 17 19 20 27 29 30 37 40 45 47 49 
