50 20
1 0 8 0 
2 1 15 1 1 
3 0 16 0 
4 0 10 0 
5 0 11 0 
6 0 16 0 
7 1 9 1 3 
8 1 12 1 4 
9 2 7 2 1 7 
10 2 12 4 1 4 6 8 
11 1 9 2 3 5 
12 3 2 1 9 
13 1 9 1 4 
14 4 9 2 4 12 
15 2 7 2 6 7 
16 4 6 7 1 3 5 8 9 11 12 
17 5 15 2 1 16 
18 6 12 6 3 5 12 13 16 17 
19 7 13 3 10 17 18 
20 3 8 2 8 9 
21 5 13 2 12 16 
22 4 14 3 2 6 12 
23 2 15 2 2 3 
24 5 8 1 14 
25 6 11 5 12 14 17 22 24 
26 5 13 4 3 5 8 14 
27 7 15 6 11 12 17 22 24 25 
28 8 8 6 5 6 7 11 21 27 
29 9 15 5 1 3 9 18 28 
30 8 12 7 1 3 13 15 23 24 27 
31 5 6 3 2 10 16 
32 4 9 4 7 9 12 15 
33 8 11 4 14 23 27 31 
34 10 12 7 5 11 13 18 20 22 29 
35 9 12 5 8 13 17 25 28 
36 10 11 5 17 18 21 24 29 
37 9 12 5 4 6 15 19 33 
38 10 15 9 1 8 9 11 15 21 25 26 35 
39 9 16 8 1 6 17 18 21 27 28 32 
40 10 16 9 2 4 13 14 18 23 32 33 37 
41 11 7 9 1 2 4 6 7 8 20 33 40 
42 11 8 8 1 9 17 21 28 29 37 38 
43 12 9 7 11 12 15 26 27 38 42 
44 11 6 5 8 9 14 27 38 
45 12 14 15 1 8 10 16 17 18 19 22 26 27 28 34 38 42 44 
46 12 15 10 5 10 13 23 29 31 33 38 39 42 
47 13 11 10 2 5 20 21 24 25 33 34 38 46 
48 13 10 14 1 3 10 11 15 18 20 25 31 33 34 37 39 43 
49 14 11 10 9 14 21 22 27 32 36 39 44 48 
50 13 12 7 1 15 17 29 32 36 43 
