50 20
1 0 15 0 
2 0 4 0 
3 0 5 0 
4 0 6 0 
5 0 10 0 
6 0 11 0 
7 0 6 0 
8 0 13 0 
9 0 16 0 
10 0 11 0 
11 1 10 2 7 8 
12 1 14 1 4 
13 1 6 1 9 
14 0 6 0 
15 1 5 1 3 
16 0 5 0 
17 1 8 1 6 
18 1 12 1 8 
19 2 4 3 1 5 12 
20 2 7 3 5 7 11 
21 2 17 3 6 10 11 
22 2 5 3 6 9 15 
23 1 6 1 7 
24 2 15 2 12 17 
25 3 5 7 4 5 10 13 17 18 21 
26 2 6 5 3 7 8 12 17 
27 3 5 2 15 22 
28 2 11 1 15 
29 1 8 5 1 2 5 7 16 
30 3 6 5 3 10 13 16 19 
31 3 4 4 14 19 21 23 
32 3 8 3 4 7 20 
33 3 4 3 12 13 22 
34 0 7 0 
35 2 3 2 17 18 
36 3 6 5 4 8 12 19 20 
37 3 5 3 12 22 23 
38 2 4 2 18 23 
39 4 6 9 10 12 19 21 25 31 32 33 34 
40 3 9 6 1 15 17 24 28 35 
41 2 5 3 7 10 13 
42 3 5 1 38 
43 4 6 4 7 33 35 36 
44 3 6 3 19 23 24 
45 4 5 6 7 11 14 17 25 32 
46 4 11 6 6 10 15 18 24 37 
47 4 7 6 17 20 24 25 26 34 
48 4 15 5 17 23 30 34 38 
49 3 6 3 2 26 28 
50 3 3 6 1 2 4 16 26 28 
