50 20
1 0 10 0 
2 0 11 0 
3 0 8 0 
4 0 7 0 
5 0 1 0 
6 0 1 0 
7 0 5 0 
8 0 5 0 
9 0 14 0 
10 0 3 0 
11 1 3 2 8 9 
12 1 5 1 9 
13 1 3 1 8 
14 1 3 1 4 
15 1 1 2 5 6 
16 1 3 3 6 7 8 
17 1 14 2 5 8 
18 2 1 2 6 12 
19 2 2 3 1 8 12 
20 2 8 2 10 14 
21 1 3 2 1 4 
22 2 6 3 2 3 12 
23 2 20 2 9 11 
24 2 3 1 15 
25 1 2 2 1 6 
26 2 3 1 11 
27 2 4 3 9 10 14 
28 3 7 7 1 5 6 10 13 19 22 
29 2 1 4 1 2 13 15 
30 3 17 3 4 10 26 
31 3 3 8 2 4 7 10 13 17 23 25 
32 2 7 2 12 13 
33 3 1 2 16 27 
34 3 3 4 15 22 26 27 
35 3 1 8 3 6 8 10 13 16 18 22 
36 3 21 2 16 24 
37 3 7 4 8 10 15 23 
38 3 2 5 2 4 20 22 27 
39 3 15 4 3 6 13 20 
40 4 3 3 13 15 34 
41 0 7 0 
42 4 4 6 6 12 18 28 30 39 
43 4 46 4 1 4 37 38 
44 4 4 6 6 15 19 21 34 37 
45 3 5 7 1 5 15 18 20 21 24 
46 4 1 4 8 9 18 33 
47 3 22 3 2 26 32 
48 0 13 0 
49 2 8 1 15 
50 4 9 4 17 20 28 33 
