50 20
1 0 9 0 
2 1 15 1 1 
3 2 19 2 1 2 
4 3 9 3 1 2 3 
5 4 13 3 2 3 4 
6 5 11 5 1 2 3 4 5 
7 6 11 3 1 2 6 
8 7 1 6 1 3 4 5 6 7 
9 7 5 7 1 2 3 4 5 6 7 
10 8 4 5 1 3 6 7 8 
11 8 5 6 2 3 4 6 7 8 
12 9 2 8 1 2 3 4 6 7 9 11 
13 9 3 6 1 2 3 4 5 10 
14 10 12 10 1 3 4 5 7 8 9 10 12 13 
15 11 18 13 1 2 3 4 5 6 7 8 10 11 12 13 14 
16 12 16 10 1 3 4 6 7 8 11 12 13 15 
17 13 12 14 1 3 4 5 6 7 9 10 11 12 13 14 15 16 
18 14 13 14 1 4 5 6 7 8 9 10 11 12 13 14 16 17 
19 15 10 12 1 3 6 9 10 11 12 14 15 16 17 18 
20 16 10 16 1 2 3 4 5 6 7 8 10 13 14 15 16 17 18 19 
21 17 8 18 1 2 3 4 5 6 7 9 11 12 13 14 15 16 17 18 19 20 
22 18 14 16 1 3 5 6 7 8 9 10 12 14 15 16 17 19 20 21 
23 19 20 16 1 2 3 4 5 6 7 8 9 11 13 17 18 19 21 22 
24 20 17 21 1 2 3 4 5 6 7 8 9 10 11 12 13 14 15 17 18 19 20 22 23 
25 17 3 12 5 6 7 10 11 13 14 15 16 18 19 20 
26 21 7 22 1 2 3 4 5 6 7 8 9 10 12 13 14 15 17 18 19 20 21 22 24 25 
27 22 2 20 1 2 3 4 6 8 9 10 11 12 13 14 15 17 18 20 22 23 25 26 
28 23 7 23 1 2 3 4 5 6 8 9 10 13 14 15 16 17 18 19 20 21 23 24 25 26 27 
29 24 4 26 1 2 3 4 5 6 7 8 9 10 11 13 14 15 16 17 18 19 20 21 22 24 25 26 27 28 
30 24 20 23 1 2 4 5 7 8 9 10 12 14 16 17 18 19 20 21 22 23 24 25 26 27 28 
31 25 19 24 1 2 3 4 5 6 7 8 11 12 13 14 15 16 17 18 21 23 24 25 26 28 29 30 
32 26 15 25 1 2 3 4 5 6 7 8 9 10 13 14 15 16 18 19 20 21 22 24 26 28 29 30 31 
33 26 3 22 1 2 3 4 5 6 9 10 11 14 15 16 18 19 21 22 23 24 26 27 29 31 
34 27 5 27 1 2 3 6 7 8 9 10 12 13 14 15 16 17 18 19 20 22 23 25 26 27 28 29 31 32 33 
35 28 16 29 1 2 3 6 7 8 9 10 11 12 13 14 15 16 17 18 19 21 22 23 25 26 27 28 29 30 32 33 34 
36 29 8 26 2 3 4 5 6 7 8 9 11 13 14 15 17 18 19 20 21 23 25 26 27 29 30 32 34 35 
37 30 3 28 1 2 3 4 5 6 7 8 11 12 14 16 17 18 20 21 22 23 25 27 28 29 30 32 33 34 35 36 
38 31 6 29 1 2 3 5 6 7 9 11 13 14 15 16 17 18 20 21 22 23 25 26 27 28 29 31 32 33 35 36 37 
39 32 11 32 2 3 4 5 6 7 8 9 10 11 12 13 15 16 17 20 21 22 23 24 25 26 27 28 31 32 33 34 35 36 37 38 
40 33 3 31 1 2 3 4 5 6 8 10 11 12 13 14 15 16 18 19 20 21 22 25 26 28 29 31 32 33 34 35 36 38 39 
41 32 10 31 1 2 3 4 5 7 8 9 10 11 12 13 15 16 17 18 19 21 22 23 26 27 29 30 31 32 33 34 35 36 38 
42 34 19 33 1 2 3 4 5 6 7 8 9 10 11 14 16 18 21 22 24 25 26 27 28 29 30 31 32 33 34 35 36 37 38 39 40 
43 35 17 35 1 2 3 4 6 7 9 10 11 14 15 16 17 18 19 20 21 22 24 26 27 28 29 30 31 32 33 34 36 37 38 39 40 41 42 
44 34 2 33 1 2 3 4 6 8 11 13 14 15 16 17 18 19 20 21 22 23 24 26 27 28 29 30 31 32 33 34 36 38 39 40 41 
45 36 17 33 1 2 3 5 6 7 9 10 12 13 15 17 18 19 20 21 22 23 24 25 27 28 29 30 31 32 33 36 37 38 42 43 44 
46 35 17 35 1 2 3 4 5 6 7 8 9 10 11 12 13 14 15 16 17 18 19 20 22 24 25 27 29 30 33 35 36 37 38 39 40 41 44 
47 37 19 41 1 2 3 4 5 6 7 8 9 10 11 12 13 14 15 17 18 19 20 21 22 23 24 25 26 27 29 30 31 32 33 34 35 38 39 40 41 42 44 45 46 
48 37 12 34 1 2 3 7 8 9 11 12 13 14 15 16 17 18 19 20 22 23 24 25 26 28 31 33 34 35 36 37 38 41 42 44 45 46 
49 38 15 39 1 2 3 4 5 7 8 9 10 11 12 13 14 15 16 17 18 19 21 22 24 25 27 28 29 30 31 32 33 34 35 36 37 38 39 41 42 44 48 
50 39 17 35 1 2 4 5 7 8 10 11 12 13 16 17 18 20 21 22 23 24 25 27 28 29 30 31 33 34 35 36 40 44 45 46 47 48 49 
