50 20
1 0 1 0 
2 0 18 0 
3 0 10 0 
4 0 8 0 
5 0 8 0 
6 1 8 2 1 2 
7 0 3 0 
8 0 11 0 
9 1 19 1 3 
10 1 12 2 4 5 
11 1 7 1 3 
12 0 12 0 
13 0 15 0 
14 0 11 0 
15 0 2 0 
16 1 1 1 1 
17 1 8 1 4 
18 0 15 0 
19 1 14 1 1 
20 0 7 0 
21 0 17 0 
22 0 16 0 
23 1 4 1 15 
24 1 7 2 4 15 
25 2 20 2 12 19 
26 0 8 0 
27 2 10 4 4 10 13 16 
28 1 15 3 4 7 13 
29 1 7 4 3 12 13 18 
30 1 15 2 20 21 
31 2 13 3 7 15 17 
32 1 11 2 7 13 
33 3 17 5 4 7 15 17 27 
34 2 8 3 13 17 22 
35 3 5 3 4 26 27 
36 1 14 1 21 
37 2 7 3 14 26 28 
38 2 2 2 15 23 
39 2 9 3 9 12 14 
40 2 2 2 4 11 
41 2 2 4 11 18 21 29 
42 2 18 4 13 20 29 30 
43 3 19 9 5 7 10 13 15 21 30 37 41 
44 2 16 3 7 11 15 
45 3 7 3 11 37 39 
46 3 2 9 3 4 9 13 21 30 31 37 39 
47 3 2 5 15 16 18 39 41 
48 3 12 1 42 
49 3 18 7 4 17 21 25 31 36 40 
50 3 4 6 13 19 20 28 34 41 
