50 20
1 0 14 0 
2 0 3 0 
3 0 27 0 
4 0 6 0 
5 0 9 0 
6 0 4 0 
7 0 15 0 
8 0 22 0 
9 0 3 0 
10 0 47 0 
11 0 6 0 
12 1 4 9 1 2 4 5 6 7 8 10 11 
13 1 4 6 5 6 7 9 10 11 
14 1 6 10 1 2 3 4 5 6 8 9 10 11 
15 1 4 10 1 2 3 4 5 6 7 8 9 10 
16 1 9 10 2 3 4 5 6 7 8 9 10 11 
17 1 14 10 1 3 4 5 6 7 8 9 10 11 
18 1 7 10 1 2 4 5 6 7 8 9 10 11 
19 1 17 10 1 2 3 4 6 7 8 9 10 11 
20 1 5 10 1 2 3 4 5 6 8 9 10 11 
21 1 17 8 1 2 4 7 8 9 10 11 
22 2 3 19 1 2 3 4 5 6 8 9 10 11 12 13 14 16 17 18 19 20 21 
23 2 7 16 1 2 3 5 8 10 11 12 13 15 16 17 18 19 20 21 
24 2 16 20 1 2 3 4 5 7 8 9 10 11 12 13 14 15 16 17 18 19 20 21 
25 2 23 19 1 2 3 4 6 7 8 9 10 11 12 14 15 16 17 18 19 20 21 
26 2 3 15 1 2 4 6 8 9 11 12 13 14 15 16 17 18 21 
27 2 1 19 1 2 3 4 5 6 7 8 9 10 11 13 14 15 16 17 18 19 20 
28 2 5 19 1 2 3 4 5 7 8 9 10 12 13 14 15 16 17 18 19 20 21 
29 2 3 19 1 3 4 5 6 7 8 9 10 11 12 13 14 16 17 18 19 20 21 
30 3 3 23 2 3 4 5 6 7 9 10 12 13 15 16 17 18 21 22 23 24 25 26 27 28 29 
31 3 3 27 1 2 3 4 5 6 7 8 9 11 12 13 14 15 16 17 18 19 20 21 22 23 24 25 26 28 29 
32 3 10 25 1 2 3 4 5 6 7 9 10 11 12 13 14 15 16 17 18 19 22 23 24 25 26 28 29 
33 3 5 26 1 2 3 4 6 7 8 9 11 12 13 14 15 16 17 18 19 20 21 23 24 25 26 27 28 29 
34 3 28 28 1 2 3 4 5 6 7 8 9 10 11 12 13 14 15 16 17 18 19 20 21 22 24 25 26 27 28 29 
35 3 2 23 1 2 3 4 5 7 8 10 11 12 14 15 16 17 18 19 20 21 22 23 24 28 29 
36 3 1 22 1 2 4 5 6 7 10 12 14 15 16 18 19 21 22 23 24 25 26 27 28 29 
37 3 11 25 1 2 3 4 5 6 7 8 9 10 11 12 13 15 17 18 19 20 21 22 24 25 27 28 29 
38 3 6 26 1 2 3 4 6 8 9 10 11 12 13 14 15 16 17 18 19 21 22 23 24 25 26 27 28 29 
39 3 2 24 1 2 3 4 5 6 7 9 10 11 13 14 15 18 19 20 22 23 24 25 26 27 28 29 
40 4 1 32 1 2 3 4 6 8 9 10 11 12 13 14 15 16 18 19 20 22 23 24 25 26 27 28 29 32 33 34 35 36 38 39 
41 4 4 34 1 2 4 5 6 7 8 9 10 11 12 13 14 15 16 17 18 19 21 22 23 24 25 26 27 28 30 32 33 34 35 36 37 38 
42 4 13 34 1 2 3 4 5 6 7 8 9 10 11 12 13 14 15 16 18 19 21 23 25 26 27 28 29 30 31 32 33 35 36 37 38 39 
43 4 6 31 2 3 4 5 7 8 9 10 11 12 13 14 15 16 18 21 22 23 25 26 27 28 29 31 32 33 34 35 37 38 39 
44 4 1 34 1 2 4 5 6 7 8 9 10 12 13 14 15 16 17 18 19 20 21 23 24 25 26 27 28 30 31 32 33 34 35 36 37 38 
45 4 7 34 1 3 4 5 6 7 8 9 10 11 12 13 14 15 16 17 19 20 21 22 23 25 26 27 28 29 30 31 32 33 36 37 38 39 
46 4 33 31 1 3 4 5 7 8 9 11 12 13 14 15 16 17 18 19 20 21 24 25 26 27 28 30 31 32 33 35 36 37 38 
47 4 7 32 1 2 3 4 5 6 9 10 11 12 13 14 15 16 17 18 19 20 21 22 23 24 25 26 27 28 29 31 33 35 36 39 
48 4 1 31 2 3 5 6 8 9 11 12 13 16 17 18 19 20 21 22 23 24 25 26 27 28 29 31 32 33 34 35 36 37 38 
49 4 2 29 1 2 3 4 5 6 7 8 9 10 11 12 13 14 15 18 20 22 25 26 28 29 32 33 34 35 36 37 39 
50 4 8 31 1 2 3 6 7 8 9 10 11 12 13 15 16 17 18 19 20 21 22 24 25 26 27 28 29 31 32 35 37 38 39 
