50 20
1 0 5 0 
2 0 15 0 
3 0 17 0 
4 0 19 0 
5 0 5 0 
6 0 8 0 
7 0 2 0 
8 0 5 0 
9 0 4 0 
10 0 6 0 
11 0 20 0 
12 0 13 0 
13 0 7 0 
14 0 16 0 
15 0 18 0 
16 1 6 9 1 3 4 6 7 9 10 13 15 
17 1 15 10 1 2 4 6 8 9 11 12 13 15 
18 1 15 9 1 5 6 7 10 12 13 14 15 
19 1 19 10 1 2 3 4 6 7 8 11 13 15 
20 1 3 7 2 4 7 8 11 13 15 
21 1 3 4 3 9 10 13 
22 1 4 7 4 6 7 8 11 13 15 
23 1 13 6 4 6 8 12 14 15 
24 2 18 12 1 4 5 7 12 13 16 17 19 21 22 23 
25 2 1 15 2 4 5 6 7 8 13 15 16 17 19 20 21 22 23 
26 2 15 13 1 3 6 7 8 9 10 11 15 19 20 21 22 
27 2 17 11 3 4 5 11 13 14 16 18 19 21 23 
28 2 16 13 1 3 4 5 8 9 10 11 12 16 17 18 22 
29 2 20 18 1 2 3 4 6 7 10 11 12 13 14 16 17 19 20 21 22 23 
30 2 14 9 5 6 7 9 10 13 15 16 18 
31 2 8 10 1 2 3 4 13 15 18 20 22 23 
32 2 13 12 4 5 6 9 10 11 12 13 14 16 20 23 
33 2 5 10 1 5 7 8 11 15 17 18 19 23 
34 2 16 14 1 2 3 7 8 9 10 12 14 15 17 18 20 21 
35 2 13 13 3 4 5 6 7 11 13 15 16 17 18 19 23 
36 2 18 14 1 6 8 11 12 14 15 16 17 18 19 20 22 23 
37 3 13 18 1 3 6 7 15 16 17 19 20 21 23 24 26 27 28 30 32 36 
38 3 9 16 1 5 6 8 11 15 16 18 19 21 25 26 27 31 35 36 
39 3 5 19 1 2 3 4 6 7 8 10 13 15 18 21 22 23 25 26 27 30 31 
40 3 20 17 1 4 5 11 13 14 15 16 19 22 23 25 26 27 33 34 35 
41 3 13 17 2 4 6 11 12 16 17 18 19 21 23 26 27 30 31 32 33 
42 3 12 17 1 2 4 8 9 10 11 12 14 16 17 19 23 25 26 27 29 
43 3 6 20 1 3 4 5 7 9 11 13 14 15 19 21 22 23 24 26 29 31 33 34 
44 4 4 22 1 4 6 7 8 10 11 13 19 20 22 23 24 28 29 31 32 34 36 37 40 41 
45 4 4 21 1 2 4 7 8 11 13 15 17 19 20 22 23 25 26 27 30 33 35 41 42 
46 4 3 24 2 3 5 6 7 9 11 13 15 17 18 19 21 22 23 26 27 29 30 35 36 37 38 41 
47 4 9 21 1 2 4 5 6 8 11 14 16 18 22 26 28 29 32 34 36 38 39 40 42 
48 4 4 22 1 2 4 5 6 7 9 11 14 16 17 18 19 21 22 24 27 29 33 35 38 39 
49 4 10 15 7 8 9 10 11 14 15 20 23 26 27 35 37 42 43 
50 4 17 28 1 3 5 6 7 8 9 10 11 12 14 17 19 22 23 24 25 27 28 30 32 33 34 35 37 38 40 43 
