50 20
1 0 12 0 
2 0 16 0 
3 0 17 0 
4 0 13 0 
5 0 2 0 
6 0 4 0 
7 0 10 0 
8 0 10 0 
9 0 4 0 
10 0 15 0 
11 0 4 0 
12 0 19 0 
13 0 3 0 
14 0 15 0 
15 0 1 0 
16 1 14 1 14 
17 1 6 1 2 
18 1 2 4 7 9 12 15 
19 1 8 5 5 6 12 13 14 
20 1 8 3 7 10 14 
21 1 10 1 12 
22 2 10 5 4 7 8 18 19 
23 2 3 6 1 5 9 16 19 21 
24 2 10 2 7 19 
25 1 14 2 9 13 
26 2 6 4 5 9 10 17 
27 2 4 5 3 4 13 17 21 
28 2 18 3 12 16 18 
29 2 11 3 12 16 19 
30 1 16 2 2 5 
31 2 1 5 2 3 5 7 17 
32 1 6 2 4 6 
33 2 16 5 2 4 11 17 20 
34 2 10 7 4 5 7 9 17 20 21 
35 1 15 3 2 4 8 
36 2 5 4 1 5 15 16 
37 2 20 1 17 
38 3 20 4 2 9 21 31 
39 3 9 4 5 17 24 32 
40 3 16 5 9 12 20 25 37 
41 2 2 4 10 11 17 21 
42 2 17 3 16 19 32 
43 3 5 6 11 12 15 25 26 28 
44 3 16 10 2 3 6 7 15 20 25 29 31 37 
45 3 2 6 1 9 12 28 34 35 
46 4 1 12 1 6 9 14 17 18 21 24 28 29 34 45 
47 4 16 5 15 18 22 35 45 
48 3 15 2 10 37 
49 4 14 10 3 7 19 20 25 35 36 37 43 45 
50 3 9 6 6 10 22 27 29 33 
