50 20
1 0 9 0 
2 0 20 0 
3 0 11 0 
4 0 1 0 
5 0 11 0 
6 0 3 0 
7 0 4 0 
8 0 5 0 
9 0 10 0 
10 0 2 0 
11 0 18 0 
12 0 3 0 
13 0 12 0 
14 0 10 0 
15 1 27 2 12 14 
16 0 10 0 
17 1 2 1 12 
18 0 9 0 
19 1 24 1 11 
20 1 47 1 13 
21 1 1 1 10 
22 1 2 1 6 
23 1 18 1 1 
24 0 1 0 
25 0 5 0 
26 2 13 4 3 12 13 17 
27 1 5 1 7 
28 2 45 3 9 12 20 
29 1 2 1 6 
30 2 32 2 2 17 
31 3 6 3 13 20 28 
32 1 16 3 4 6 13 
33 0 4 0 
34 3 17 4 12 15 24 28 
35 2 7 4 13 15 19 21 
36 1 4 1 25 
37 2 4 1 17 
38 1 6 1 13 
39 2 30 3 1 9 19 
40 2 3 1 23 
41 3 6 1 26 
42 2 19 2 20 36 
43 3 2 4 17 20 24 35 
44 3 4 3 1 28 38 
45 4 1 3 14 20 34 
46 2 3 4 4 10 16 20 
47 3 3 3 11 28 39 
48 1 10 1 33 
49 2 10 2 23 29 
50 2 6 4 6 11 27 29 
