50 20
1 0 20 0 
2 0 11 0 
3 0 2 0 
4 0 17 0 
5 0 6 0 
6 0 14 0 
7 0 13 0 
8 0 6 0 
9 1 1 2 1 6 
10 1 2 2 7 8 
11 1 18 2 3 5 
12 1 19 3 1 4 5 
13 1 1 1 5 
14 1 7 1 2 
15 0 10 0 
16 1 8 1 7 
17 1 12 2 3 6 
18 1 1 2 2 3 
19 1 17 1 2 
20 1 3 3 3 6 7 
21 1 8 1 3 
22 1 4 4 2 5 6 8 
23 2 8 3 1 12 18 
24 2 22 5 1 5 7 10 16 
25 2 1 5 1 8 9 13 15 
26 2 14 2 13 15 
27 2 19 5 3 4 5 17 21 
28 2 1 2 12 13 
29 3 9 7 1 4 6 15 20 23 27 
30 3 5 3 9 22 25 
31 3 10 7 1 3 7 8 9 24 25 
32 2 6 6 2 5 10 14 17 20 
33 3 32 4 2 8 13 24 
34 3 5 7 1 4 6 13 14 22 24 
35 2 1 5 8 9 10 12 13 
36 3 2 5 2 11 19 21 26 
37 2 3 4 4 10 12 17 
38 2 32 5 3 4 10 15 19 
39 4 2 9 3 6 7 16 21 27 33 37 38 
40 4 8 5 5 23 31 32 38 
41 4 3 11 2 5 6 12 16 17 18 20 22 32 36 
42 4 29 5 1 6 22 34 37 
43 3 11 9 2 3 4 18 19 21 24 25 27 
44 3 32 7 13 15 18 21 23 26 35 
45 4 5 6 1 13 17 22 28 36 
46 4 17 11 5 9 10 14 16 20 22 25 29 35 38 
47 3 3 4 15 24 26 28 
48 3 8 11 6 8 18 22 23 24 25 27 28 37 38 
49 4 8 10 2 6 10 12 16 18 27 35 36 38 
50 2 7 3 3 14 15 
