50 20
1 0 13 0 
2 0 1 0 
3 0 3 0 
4 0 7 0 
5 1 1 1 3 
6 0 2 0 
7 1 1 1 1 
8 1 4 2 4 6 
9 1 48 1 6 
10 0 2 0 
11 0 3 0 
12 2 3 2 7 10 
13 1 5 2 1 4 
14 1 12 1 11 
15 3 1 2 12 13 
16 4 6 2 5 15 
17 2 2 2 7 8 
18 1 5 1 2 
19 4 2 2 10 15 
20 3 3 4 4 10 12 13 
21 5 5 3 2 13 19 
22 2 19 1 18 
23 0 29 0 
24 0 2 0 
25 0 1 0 
26 2 3 3 5 9 24 
27 3 8 2 12 13 
28 4 1 3 14 15 17 
29 5 1 3 14 25 28 
30 6 3 4 9 20 23 29 
31 5 3 4 3 4 7 16 
32 1 8 1 11 
33 3 7 2 22 26 
34 5 6 2 18 19 
35 0 3 0 
36 2 1 3 3 5 7 
37 7 21 2 15 30 
38 7 27 5 1 13 23 30 34 
39 4 20 3 8 26 27 
40 1 7 3 6 11 35 
41 6 5 5 5 15 21 24 39 
42 2 7 2 9 18 
43 2 1 3 1 13 35 
44 6 2 3 5 14 31 
45 2 5 3 4 13 35 
46 6 8 2 29 39 
47 7 7 5 2 21 29 30 43 
48 8 10 7 12 17 18 19 38 40 41 
49 6 2 2 2 31 
50 9 15 5 4 22 41 43 48 
