50 20
1 0 13 0 
2 0 4 0 
3 0 5 0 
4 0 1 0 
5 0 8 0 
6 0 1 0 
7 0 6 0 
8 1 6 1 6 
9 0 3 0 
10 1 2 1 4 
11 1 5 1 2 
12 0 1 0 
13 1 6 1 7 
14 2 5 1 13 
15 3 2 1 14 
16 2 12 1 8 
17 1 3 3 3 9 12 
18 3 5 3 5 8 14 
19 1 2 1 1 
20 2 1 2 6 19 
21 3 8 1 14 
22 3 12 4 6 10 16 20 
23 4 10 3 6 9 15 
24 2 8 1 17 
25 4 5 4 2 11 18 22 
26 2 1 2 8 13 
27 3 1 3 11 12 26 
28 4 4 4 9 19 21 27 
29 3 10 3 10 12 16 
30 4 4 3 5 11 29 
31 3 2 4 4 13 14 16 
32 4 54 3 2 14 15 
33 4 7 5 4 17 18 26 31 
34 5 4 1 32 
35 5 4 3 27 28 31 
36 5 4 4 11 12 25 30 
37 5 6 4 4 9 25 31 
38 5 5 5 9 10 18 23 32 
39 5 1 6 11 16 23 25 32 33 
40 5 7 3 4 8 33 
41 4 2 3 14 18 21 
42 6 7 8 6 19 20 29 35 38 40 41 
43 5 6 2 9 23 
44 6 6 6 2 21 22 24 29 40 
45 7 17 9 3 4 5 7 11 20 35 38 42 
46 7 6 4 5 12 40 42 
47 6 7 9 2 17 19 26 28 31 37 38 39 
48 6 17 6 10 21 24 27 31 35 
49 7 2 4 1 23 32 48 
50 7 4 4 13 27 40 47 
