50 20
1 0 2 0 
2 0 20 0 
3 0 5 0 
4 0 8 0 
5 0 19 0 
6 0 10 0 
7 1 13 1 3 
8 1 13 2 4 6 
9 0 15 0 
10 0 16 0 
11 2 18 2 7 10 
12 3 19 2 3 11 
13 1 19 1 1 
14 0 2 0 
15 0 7 0 
16 4 5 3 3 10 12 
17 2 18 1 13 
18 3 14 4 3 11 14 15 
19 2 19 1 13 
20 1 17 3 1 10 14 
21 3 15 4 3 9 10 17 
22 4 17 1 21 
23 4 2 2 5 12 
24 3 14 3 5 7 19 
25 0 19 0 
26 5 13 4 6 20 22 23 
27 4 9 6 1 4 5 8 18 21 
28 4 6 4 3 8 15 18 
29 4 18 5 8 11 14 18 20 
30 4 2 3 6 12 18 
31 5 7 2 22 30 
32 6 11 3 1 19 31 
33 6 6 7 9 12 14 21 25 30 31 
34 5 9 6 5 8 9 10 29 30 
35 5 20 4 4 10 18 23 
36 5 20 3 9 10 27 
37 5 11 1 22 
38 7 12 6 9 10 13 18 24 33 
39 6 19 4 16 21 36 37 
40 6 7 2 22 31 
41 6 8 4 20 25 30 36 
42 6 9 4 4 21 28 36 
43 8 2 3 1 18 38 
44 7 5 4 17 35 39 42 
45 5 3 7 2 5 6 9 12 13 16 
46 7 15 3 13 31 39 
47 6 5 5 5 8 16 26 30 
48 3 9 5 2 3 5 9 11 
49 6 11 5 10 13 17 23 34 
50 6 9 5 6 7 11 15 26 
