50 20
1 0 15 0 
2 0 13 0 
3 0 40 0 
4 0 8 0 
5 0 7 0 
6 0 3 0 
7 0 3 0 
8 0 1 0 
9 1 22 1 3 
10 1 18 4 1 5 6 8 
11 1 7 2 2 7 
12 1 4 1 7 
13 0 4 0 
14 1 20 2 3 7 
15 0 13 0 
16 1 21 1 1 
17 2 7 2 8 14 
18 1 8 2 1 6 
19 0 2 0 
20 0 16 0 
21 2 5 2 15 16 
22 1 9 1 1 
23 1 4 1 5 
24 2 10 2 3 11 
25 1 7 1 8 
26 2 1 4 4 8 11 13 
27 2 12 3 2 3 16 
28 1 1 3 2 6 15 
29 1 14 3 2 5 7 
30 2 24 2 7 10 
31 1 3 1 6 
32 2 23 6 1 7 13 16 22 25 
33 3 14 6 4 5 9 11 17 31 
34 2 3 3 9 14 19 
35 2 20 6 2 3 10 19 23 31 
36 1 8 1 13 
37 3 9 5 1 11 15 16 26 
38 2 16 5 5 9 11 13 14 
39 4 14 6 4 10 14 22 32 37 
40 3 2 3 21 26 34 
41 3 34 7 12 17 23 26 30 31 32 
42 3 9 4 19 28 30 35 
43 3 7 9 3 6 10 11 17 22 23 25 35 
44 3 14 8 1 5 10 13 20 23 24 25 
45 3 27 7 4 16 19 24 26 29 31 
46 4 4 8 5 8 12 17 21 32 33 36 
47 4 8 4 4 7 15 33 
48 3 3 6 1 5 17 23 26 34 
49 4 3 7 4 18 21 23 24 36 37 
50 3 2 6 3 12 18 20 21 34 
