50 20
1 0 14 0 
2 0 70 0 
3 0 4 0 
4 0 3 0 
5 0 13 0 
6 0 43 0 
7 0 15 0 
8 0 27 0 
9 1 4 3 3 4 7 
10 1 23 4 2 3 6 7 
11 1 4 3 2 5 7 
12 1 7 3 4 6 8 
13 1 20 3 2 4 7 
14 1 4 1 8 
15 1 4 2 2 6 
16 1 13 1 5 
17 1 4 3 3 6 7 
18 2 28 5 5 9 12 13 14 
19 2 1 6 2 5 6 10 11 13 
20 2 6 2 9 10 
21 2 1 8 2 5 6 8 9 10 13 16 
22 2 1 5 1 3 4 7 16 
23 2 18 5 2 3 6 8 9 
24 2 1 8 4 6 9 11 13 14 16 17 
25 2 26 5 1 3 7 9 12 
26 2 27 5 4 6 7 9 10 
27 2 5 4 3 9 10 11 
28 2 1 6 1 3 10 11 13 17 
29 2 39 4 5 10 13 14 
30 2 2 4 6 13 14 17 
31 2 3 4 2 5 11 16 
32 3 4 10 1 6 9 12 14 16 19 21 26 28 
33 3 7 11 4 6 10 14 15 17 19 24 26 28 30 
34 3 2 6 2 4 10 19 20 29 
35 3 2 7 9 10 11 14 22 23 26 
36 3 7 11 2 4 6 7 9 11 14 20 24 25 26 
37 3 5 10 3 4 5 6 8 9 13 18 19 27 
38 3 10 15 7 8 9 12 13 14 17 18 19 23 25 27 29 30 31 
39 3 5 13 1 2 9 10 14 15 17 18 20 24 25 27 30 
40 3 2 9 2 5 6 7 11 13 14 21 25 
41 3 4 12 2 6 8 11 15 19 20 21 23 28 30 31 
42 3 5 9 1 2 5 7 8 10 12 17 27 
43 3 11 9 5 6 10 12 13 15 26 28 29 
44 3 8 11 3 4 5 8 12 13 19 20 22 27 28 
45 3 2 11 1 4 7 10 11 18 20 21 22 26 27 
46 3 1 13 1 3 5 7 10 16 17 18 20 22 23 25 27 
47 3 3 12 1 3 7 8 11 17 18 22 25 27 29 31 
48 4 9 12 6 14 17 18 21 23 29 34 36 39 43 47 
49 4 2 16 2 4 5 6 8 12 14 17 23 24 26 39 41 42 44 45 
50 4 5 18 1 3 7 8 9 10 14 15 16 18 24 26 30 34 40 42 44 46 
