50 20
1 0 9 0 
2 0 6 0 
3 0 10 0 
4 0 2 0 
5 0 5 0 
6 0 3 0 
7 0 3 0 
8 0 14 0 
9 0 2 0 
10 0 4 0 
11 0 5 0 
12 0 16 0 
13 0 2 0 
14 1 22 4 1 2 4 5 
15 1 3 4 1 7 8 9 
16 1 9 1 2 
17 1 11 1 3 
18 1 2 5 1 2 4 9 13 
19 1 6 3 4 6 10 
20 1 1 3 1 4 6 
21 1 6 2 5 13 
22 1 13 3 3 4 10 
23 1 8 2 9 13 
24 2 1 3 2 15 19 
25 2 5 6 5 6 9 14 19 20 
26 2 10 4 1 7 11 18 
27 2 8 4 10 13 14 23 
28 2 17 6 2 3 9 14 19 21 
29 1 8 5 1 3 10 11 13 
30 2 3 5 2 3 9 13 18 
31 1 10 3 3 8 13 
32 2 7 4 5 8 10 19 
33 2 24 6 2 6 7 10 15 16 
34 3 1 3 18 21 25 
35 2 3 6 1 12 14 15 18 29 
36 3 2 1 33 
37 3 13 5 12 13 21 22 32 
38 3 11 12 1 4 6 7 9 11 12 15 19 26 29 31 
39 3 9 4 4 13 29 32 
40 3 3 5 1 7 24 26 29 
41 3 11 4 9 11 13 27 
42 3 13 6 14 21 25 26 31 33 
43 4 6 6 15 19 29 30 40 42 
44 4 26 10 1 7 9 12 19 24 30 32 35 41 
45 4 1 10 9 20 21 26 27 29 34 36 39 42 
46 4 5 8 3 10 13 14 15 18 20 41 
47 4 25 7 5 7 8 9 17 27 42 
48 4 6 7 14 20 22 23 24 38 40 
49 3 22 9 10 12 15 20 21 23 30 32 35 
50 4 11 9 5 11 17 20 29 31 32 34 41 
