50 20
1 0 7 0 
2 0 7 0 
3 1 3 1 1 
4 2 11 3 1 2 3 
5 2 2 2 1 3 
6 2 2 2 1 3 
7 3 9 3 2 4 5 
8 4 8 3 2 5 7 
9 5 12 6 1 2 4 6 7 8 
10 3 8 5 1 2 3 4 5 
11 6 1 6 2 3 4 6 7 9 
12 4 3 6 1 2 3 5 7 10 
13 7 2 4 1 2 6 11 
14 7 5 6 2 3 4 7 9 11 
15 7 6 4 2 4 6 11 
16 7 6 5 1 3 5 7 11 
17 8 18 7 7 8 9 10 11 13 15 
18 9 13 7 3 8 10 11 13 15 17 
19 10 20 9 1 3 5 6 8 9 15 16 18 
20 9 5 10 1 4 5 7 8 9 14 15 16 17 
21 10 12 6 6 9 10 11 15 20 
22 11 10 11 4 5 7 8 13 15 16 17 18 19 20 
23 11 9 11 1 2 4 8 10 12 13 18 19 20 21 
24 12 5 10 2 4 6 7 8 13 15 18 19 23 
25 13 3 7 5 9 11 12 17 19 24 
26 13 8 12 1 5 8 10 12 13 16 17 19 21 22 24 
27 12 4 15 3 4 6 7 9 11 13 15 17 18 19 20 21 22 23 
28 14 2 9 6 7 12 13 16 19 21 26 27 
29 14 7 11 2 8 9 13 14 15 18 19 21 23 26 
30 15 15 13 1 4 6 7 8 10 13 14 21 24 25 26 28 
31 16 3 13 1 2 4 6 10 13 17 21 23 24 28 29 30 
32 16 1 17 1 2 5 9 10 13 15 18 20 21 23 24 25 26 28 29 30 
33 17 1 17 1 5 7 9 10 15 17 18 19 20 22 23 24 26 27 28 31 
34 15 20 11 3 4 5 7 8 12 16 19 22 27 29 
35 18 1 15 3 4 7 10 12 13 14 15 17 23 28 29 30 31 33 
36 17 6 11 5 11 13 18 19 22 23 25 28 30 32 
37 18 10 17 2 4 5 6 9 13 15 16 17 20 23 27 28 30 32 33 36 
38 19 10 17 2 3 4 5 10 11 12 13 14 16 18 20 23 27 31 34 37 
39 19 4 18 3 6 8 9 12 13 14 17 18 22 23 25 27 32 34 35 36 37 
40 20 10 16 1 5 6 7 10 14 21 22 23 25 27 29 34 35 36 38 
41 21 8 19 3 5 6 7 8 14 15 16 18 20 21 24 28 29 30 31 36 37 40 
42 22 2 19 2 4 9 10 12 13 16 19 21 22 28 29 31 32 36 37 39 40 41 
43 20 2 21 1 2 3 4 5 6 10 11 13 14 16 17 18 21 25 27 30 32 33 38 39 
44 21 7 25 1 3 4 6 7 8 9 11 13 15 16 19 20 22 23 24 25 26 27 30 31 32 34 37 40 
45 22 18 17 1 6 7 8 11 12 15 16 20 21 25 27 28 32 33 40 44 
46 22 1 18 1 4 5 12 13 14 16 19 20 23 25 32 34 35 37 39 43 44 
47 23 9 32 1 2 3 4 6 7 8 9 11 12 13 16 17 18 19 20 21 22 23 25 29 31 32 33 34 35 37 40 41 43 45 46 
48 23 19 21 2 5 9 10 12 13 14 16 21 24 29 30 31 33 35 36 39 41 42 44 45 
49 24 5 25 1 3 6 8 9 12 14 15 16 17 19 26 27 30 32 33 35 36 37 38 43 44 45 47 48 
50 25 6 22 1 3 4 7 10 11 13 14 16 18 23 24 29 32 36 37 38 42 45 46 47 49 
