50 20
1 0 5 0 
2 1 4 1 1 
3 2 3 2 1 2 
4 3 5 2 1 3 
5 4 9 3 1 3 4 
6 5 2 4 1 3 4 5 
7 6 2 4 1 3 4 6 
8 7 13 6 1 2 3 5 6 7 
9 7 6 5 2 4 5 6 7 
10 8 6 8 1 2 3 4 5 6 8 9 
11 9 11 9 1 2 3 4 5 6 7 9 10 
12 10 17 8 2 4 5 6 7 8 9 11 
13 9 9 10 1 2 3 4 5 6 7 8 9 10 
14 11 3 11 1 2 3 4 5 7 8 9 10 12 13 
15 12 11 12 2 3 4 5 6 7 8 10 11 12 13 14 
16 12 7 12 1 3 4 5 6 8 9 10 11 12 13 14 
17 13 3 14 1 2 3 4 5 6 7 8 9 10 11 12 15 16 
18 13 9 13 3 4 6 7 8 9 10 11 12 13 14 15 16 
19 14 4 17 1 2 3 4 5 7 8 9 10 11 12 13 14 15 16 17 18 
20 15 4 18 1 2 3 4 5 6 7 8 9 10 12 13 14 15 16 17 18 19 
21 15 3 13 1 2 5 6 9 10 11 12 13 16 17 18 19 
22 16 8 18 2 4 5 6 7 8 10 11 12 13 14 15 16 17 18 19 20 21 
23 17 10 18 1 2 3 4 7 8 9 10 11 12 13 14 16 18 19 20 21 22 
24 18 9 20 1 2 3 4 5 6 7 8 9 10 12 13 15 16 17 18 19 20 22 23 
25 19 9 18 1 2 3 5 6 7 8 9 10 11 12 13 16 17 18 19 23 24 
26 20 3 20 1 2 4 5 6 7 8 9 11 12 13 14 15 16 17 18 20 21 22 25 
27 19 3 16 2 3 5 7 8 9 10 11 13 16 17 18 19 20 23 24 
28 21 10 16 1 4 5 10 11 13 14 15 19 20 21 22 24 25 26 27 
29 22 20 22 1 2 3 4 5 6 8 9 11 13 14 15 16 17 19 20 21 22 23 24 27 28 
30 22 10 21 3 4 5 6 7 8 9 11 12 14 16 17 18 19 21 22 23 24 25 27 28 
31 23 5 22 1 2 3 4 6 7 8 10 13 14 15 16 17 18 19 20 22 24 25 26 29 30 
32 24 8 24 2 3 6 7 8 9 10 11 12 15 16 17 18 19 21 22 23 24 25 26 27 28 30 31 
33 25 1 29 1 2 3 5 6 7 8 9 10 12 13 14 15 16 17 18 19 20 21 22 23 24 25 26 27 28 29 31 32 
34 26 6 21 1 4 5 6 9 10 11 13 14 15 16 19 21 22 24 26 27 28 29 32 33 
35 26 17 23 1 2 6 7 8 9 12 14 16 17 18 19 20 21 22 24 25 26 27 29 30 31 33 
36 27 3 27 1 2 3 4 5 6 9 10 11 12 15 17 18 19 20 23 24 25 26 27 28 29 30 31 32 33 35 
37 27 13 27 1 2 3 4 5 6 7 8 10 11 12 14 15 16 17 18 19 21 22 23 24 25 26 27 29 34 35 
38 27 11 29 1 3 4 5 6 7 8 9 10 11 12 13 14 15 17 18 19 21 22 23 24 26 28 29 30 31 32 34 35 
39 28 8 33 2 3 4 5 6 7 8 9 10 11 12 13 14 15 16 17 18 19 20 21 22 23 24 25 26 27 29 31 32 34 35 36 37 
40 29 7 31 2 3 4 5 7 8 9 11 12 13 14 15 16 17 18 20 22 23 26 27 28 29 30 32 33 34 35 36 37 38 39 
41 30 2 29 2 3 5 6 8 9 10 11 12 16 18 19 20 21 23 24 25 26 27 28 29 30 32 33 34 35 38 39 40 
42 31 5 31 1 2 3 5 6 7 11 12 13 14 16 17 18 19 20 23 24 25 26 27 28 29 31 32 33 34 36 38 39 40 41 
43 31 18 31 2 3 5 6 7 9 10 11 13 14 16 17 18 19 20 21 22 23 25 27 28 29 30 32 34 35 36 37 38 39 41 
44 32 6 29 1 3 4 5 7 9 11 13 14 15 18 21 22 23 24 25 26 27 28 31 32 33 34 36 38 39 40 41 43 
45 33 1 31 1 3 4 6 7 8 11 12 13 14 15 17 19 20 21 22 23 24 26 28 29 30 31 32 33 37 39 40 41 42 44 
46 34 3 29 2 3 4 5 6 8 9 12 13 14 15 16 17 19 20 21 24 25 27 28 30 32 37 38 39 40 41 43 45 
47 35 8 42 1 2 3 4 5 6 7 8 10 11 12 15 16 18 19 20 21 22 23 24 25 26 27 28 29 30 31 32 33 34 35 36 37 38 39 40 41 42 43 44 45 46 
48 36 4 32 3 4 5 6 7 8 10 11 13 15 16 17 18 19 20 22 23 26 27 30 32 33 34 35 36 38 40 42 44 45 46 47 
49 37 9 39 3 4 5 6 7 8 9 10 11 12 13 14 15 16 17 18 20 22 23 24 25 26 27 29 31 32 33 34 35 36 37 39 40 41 42 43 44 46 48 
50 38 4 35 2 3 5 7 8 9 10 14 15 16 17 18 20 21 22 24 25 26 27 28 30 31 33 35 36 37 39 41 42 43 44 46 47 48 49 
