50 20
1 0 16 0 
2 0 14 0 
3 1 9 1 2 
4 0 12 0 
5 2 12 2 1 3 
6 2 9 3 2 3 4 
7 1 9 1 4 
8 3 6 4 3 4 5 6 
9 0 9 0 
10 2 9 2 2 3 
11 3 7 2 6 10 
12 3 12 4 2 3 7 10 
13 4 10 5 7 9 10 11 12 
14 3 10 3 6 7 10 
15 4 13 1 12 
16 4 11 3 2 6 12 
17 4 8 4 3 8 10 12 
18 4 11 6 1 6 7 8 11 14 
19 5 7 5 1 7 9 15 18 
20 6 13 3 9 12 19 
21 5 10 5 3 7 10 12 13 
22 6 9 4 1 6 14 19 
23 5 7 3 1 8 13 
24 7 11 8 1 6 7 10 12 13 17 22 
25 7 13 4 2 4 8 20 
26 8 12 9 2 6 11 12 13 15 16 24 25 
27 9 11 6 5 10 19 21 23 26 
28 8 10 10 3 4 8 10 11 17 22 23 24 25 
29 7 5 4 4 17 18 22 
30 5 11 5 3 4 7 12 15 
31 6 15 9 1 3 5 6 10 12 15 16 21 
32 8 13 11 1 2 3 9 11 14 15 24 25 29 31 
33 10 9 8 8 10 14 15 19 20 25 27 
34 9 15 8 3 10 12 16 19 28 29 32 
35 9 17 11 1 4 6 7 9 11 17 18 19 25 32 
36 10 7 10 1 2 4 5 17 20 21 22 28 34 
37 11 10 7 14 16 19 23 31 33 36 
38 12 11 12 7 11 14 19 21 24 26 28 29 32 35 37 
39 11 15 9 6 21 22 23 30 31 32 34 36 
40 10 7 6 11 16 18 25 30 34 
41 12 10 12 4 6 9 14 15 18 28 32 33 34 36 39 
42 12 13 9 9 16 17 20 22 31 34 39 40 
43 9 13 11 4 5 12 13 16 20 23 24 26 28 29 
44 13 11 13 3 8 9 16 17 20 23 28 32 35 36 41 42 
45 13 15 9 3 12 18 26 37 38 39 40 43 
46 13 9 11 6 9 13 24 25 30 31 34 39 40 41 
47 13 13 16 1 2 4 5 8 13 15 16 20 26 28 33 38 39 40 41 
48 14 14 15 2 3 7 11 23 24 25 26 29 37 38 39 41 43 46 
49 14 11 15 2 3 9 13 20 24 25 28 31 35 42 43 44 45 46 
50 15 12 12 1 3 6 11 21 22 23 25 32 40 47 48 
