50 20
1 0 7 0 
2 0 6 0 
3 0 6 0 
4 0 12 0 
5 0 10 0 
6 0 12 0 
7 0 8 0 
8 0 14 0 
9 0 12 0 
10 0 9 0 
11 1 12 7 1 3 5 7 8 9 10 
12 1 11 6 1 2 4 6 7 10 
13 1 5 6 1 3 5 7 8 9 
14 1 5 6 1 2 3 4 6 7 
15 1 14 6 1 2 3 4 6 7 
16 1 10 7 1 3 6 7 8 9 10 
17 2 14 12 1 2 4 5 6 7 8 11 12 14 15 16 
18 2 8 11 1 3 5 6 8 10 11 12 13 14 16 
19 2 8 12 2 3 5 6 9 10 11 12 13 14 15 16 
20 2 12 13 1 3 4 5 6 7 10 11 12 13 14 15 16 
21 2 13 12 1 2 3 6 7 8 9 10 11 13 14 16 
22 2 13 12 1 3 4 5 7 8 9 10 11 12 14 16 
23 2 8 10 1 2 4 6 7 8 10 12 15 16 
24 2 12 7 4 5 9 12 13 14 16 
25 2 10 8 1 7 8 9 10 11 13 16 
26 2 8 11 1 3 4 7 8 9 10 12 14 15 16 
27 2 14 6 6 7 8 9 12 14 
28 2 9 12 3 4 5 6 8 9 10 11 12 13 14 16 
29 2 12 8 1 2 4 5 8 10 12 16 
30 2 17 9 1 3 6 8 10 13 14 15 16 
31 3 4 17 1 2 5 6 7 10 11 12 14 15 16 19 21 22 23 24 26 
32 3 5 22 1 2 3 4 5 6 7 8 9 11 13 14 15 16 19 20 24 25 27 28 29 30 
33 3 12 16 1 2 4 5 8 10 17 19 21 22 23 24 25 28 29 30 
34 3 11 19 1 5 7 8 9 10 11 12 13 15 18 20 21 22 23 24 25 27 28 
35 3 7 20 1 2 3 4 6 7 10 11 12 13 14 17 18 19 22 23 25 26 29 30 
36 3 7 14 1 3 5 9 10 12 14 18 21 22 23 25 27 30 
37 3 19 19 1 2 4 6 8 9 11 12 13 14 15 16 17 18 22 23 26 28 29 
38 3 16 22 1 2 3 4 5 6 7 9 11 12 13 14 15 16 17 19 22 23 24 25 28 30 
39 3 12 19 1 2 5 7 9 10 11 13 15 17 19 20 21 22 26 27 28 29 30 
40 3 14 20 1 4 6 7 8 9 11 12 15 16 17 19 20 21 22 24 26 27 29 30 
41 3 13 15 2 3 6 13 14 16 17 18 19 21 24 25 26 27 30 
42 4 14 25 1 3 4 5 7 8 10 11 12 13 15 17 19 22 23 24 26 29 32 33 34 36 37 39 41 
43 4 11 25 1 3 4 6 7 8 9 10 11 13 17 18 19 21 22 23 24 26 27 30 31 32 34 40 41 
44 4 12 29 1 2 6 7 10 11 12 13 14 15 16 17 18 19 20 21 22 24 27 28 30 32 33 34 35 36 37 38 40 
45 4 11 35 1 2 4 5 8 9 10 11 13 14 15 16 17 18 19 20 21 22 23 24 25 26 27 29 30 31 33 34 35 36 37 38 39 40 41 
46 4 10 26 2 3 4 8 9 10 12 13 15 16 17 18 19 20 22 25 28 29 30 31 34 35 37 38 40 41 
47 4 12 25 3 4 6 8 12 13 16 17 18 20 21 23 24 25 26 27 29 30 33 36 37 38 39 40 41 
48 4 16 24 2 3 4 5 7 8 12 13 14 15 16 20 21 24 25 28 29 31 35 36 37 38 40 41 
49 4 11 23 2 6 7 8 9 11 14 16 17 19 20 21 23 25 27 28 30 31 34 35 37 38 40 
50 4 14 29 1 2 3 5 7 8 10 11 13 14 15 16 21 22 23 24 25 26 27 28 31 32 33 34 35 36 37 38 40 
