50 20
1 0 6 0 
2 1 7 1 1 
3 0 9 0 
4 0 9 0 
5 2 11 1 2 
6 1 6 1 1 
7 0 13 0 
8 0 5 0 
9 1 7 1 1 
10 0 5 0 
11 1 6 1 3 
12 1 5 3 3 4 8 
13 2 12 1 11 
14 2 12 1 12 
15 2 5 3 1 2 12 
16 1 10 2 4 7 
17 2 5 2 3 11 
18 2 12 1 9 
19 1 15 1 8 
20 2 6 2 6 19 
21 2 21 1 16 
22 3 6 3 10 11 20 
23 2 12 3 1 4 19 
24 3 5 3 8 10 15 
25 4 6 4 4 19 20 22 
26 3 11 5 1 4 5 17 19 
27 3 12 6 1 6 9 12 18 23 
28 3 14 1 17 
29 5 5 4 7 13 18 25 
30 4 5 3 3 13 26 
31 3 9 2 5 9 
32 3 6 4 9 14 17 18 
33 4 5 3 3 18 26 
34 3 6 4 6 11 15 17 
35 4 6 1 24 
36 5 6 3 9 30 34 
37 5 5 3 14 18 35 
38 4 14 3 6 12 26 
39 4 6 6 1 17 20 26 27 32 
40 6 12 8 1 5 6 8 13 19 35 36 
41 6 7 10 1 3 11 12 14 21 25 26 28 36 
42 4 6 2 6 32 
43 7 7 6 2 17 18 21 30 40 
44 3 16 4 3 7 14 19 
45 6 12 3 27 30 37 
46 4 6 7 2 4 5 6 15 20 24 
47 7 5 10 16 23 28 32 34 36 41 42 44 45 
48 5 7 10 1 3 8 13 26 27 30 34 38 39 
49 4 6 5 8 9 19 32 44 
50 4 3 7 15 19 20 21 23 24 32 
