50 20
1 0 5 0 
2 0 1 0 
3 0 3 0 
4 0 5 0 
5 0 11 0 
6 0 16 0 
7 0 1 0 
8 0 11 0 
9 1 15 2 4 5 
10 1 6 3 1 3 5 
11 1 12 3 1 2 7 
12 1 16 2 5 8 
13 1 4 2 1 8 
14 1 13 3 2 5 8 
15 1 5 3 6 7 8 
16 0 7 0 
17 1 2 2 1 6 
18 1 1 2 4 8 
19 1 40 2 3 6 
20 1 6 2 1 6 
21 2 7 4 4 10 14 15 
22 1 3 1 7 
23 1 3 3 1 4 7 
24 1 1 2 2 7 
25 2 6 4 1 8 9 13 
26 2 1 1 13 
27 2 11 3 9 11 18 
28 1 3 3 4 6 16 
29 1 4 1 3 
30 2 8 1 13 
31 3 15 2 13 25 
32 2 2 9 2 7 9 11 16 17 20 22 28 
33 3 3 9 4 8 10 12 13 19 22 27 28 
34 2 14 5 1 8 15 20 29 
35 3 15 7 3 14 21 25 27 28 30 
36 3 2 9 1 3 4 5 6 12 21 27 28 
37 3 3 4 4 15 25 29 
38 3 3 5 3 14 15 20 30 
39 2 5 4 10 12 16 17 
40 3 5 5 4 15 16 25 29 
41 4 1 7 3 11 22 23 26 34 36 
42 4 9 11 5 10 11 15 16 23 28 31 32 33 39 
43 4 15 8 2 11 13 20 30 33 34 35 
44 3 4 7 8 9 10 11 14 23 32 
45 4 3 8 1 3 19 23 32 33 34 38 
46 3 4 6 2 7 16 24 27 29 
47 3 6 6 3 15 27 28 34 39 
48 4 15 2 6 38 
49 4 23 8 9 10 12 13 16 22 36 37 
50 3 15 5 9 15 20 21 27 
