50 20
1 0 11 0 
2 0 15 0 
3 0 10 0 
4 0 12 0 
5 0 5 0 
6 0 6 0 
7 0 10 0 
8 1 10 2 4 6 
9 0 4 0 
10 0 7 0 
11 1 7 1 5 
12 1 8 1 6 
13 0 6 0 
14 1 6 2 4 5 
15 0 9 0 
16 1 5 1 1 
17 1 10 1 4 
18 1 8 1 4 
19 1 6 2 1 4 
20 1 12 1 1 
21 1 12 1 2 
22 0 7 0 
23 2 8 3 1 4 8 
24 1 10 1 7 
25 1 5 1 2 
26 2 7 1 18 
27 2 6 2 4 17 
28 1 6 1 5 
29 0 9 0 
30 2 10 3 5 12 21 
31 1 6 1 3 
32 0 7 0 
33 0 14 0 
34 2 6 1 21 
35 2 15 2 15 18 
36 1 12 1 29 
37 2 13 3 17 20 21 
38 2 9 1 24 
39 3 5 4 20 32 33 35 
40 3 12 3 1 20 34 
41 3 5 4 1 13 23 28 
42 1 6 1 22 
43 2 7 2 8 32 
44 2 6 2 12 21 
45 2 10 2 25 33 
46 3 7 5 2 12 16 21 26 
47 1 10 2 13 22 
48 2 4 3 3 9 31 
49 2 13 4 4 10 20 22 
50 4 12 8 11 20 27 30 31 35 41 44 
