50 2
1 0 10 0 
2 0 4 0 
3 1 5 2 1 2 
4 1 9 1 1 
5 2 3 2 3 4 
6 0 8 0 
7 1 8 1 6 
8 0 1 0 
9 1 10 1 8 
10 0 5 0 
11 2 4 3 1 9 10 
12 0 6 0 
13 0 8 0 
14 1 9 1 1 
15 0 10 0 
16 2 5 1 14 
17 1 6 1 15 
18 3 7 3 6 9 16 
19 2 2 1 9 
20 3 2 3 13 16 17 
21 3 3 5 1 7 11 16 19 
22 3 7 6 6 7 10 11 13 17 
23 4 4 5 9 13 14 19 20 
24 2 9 3 7 8 12 
25 4 9 4 1 12 20 22 
26 4 9 8 4 7 8 9 10 16 21 22 
27 4 10 6 4 9 12 20 21 24 
28 4 4 4 4 13 15 20 
29 5 3 8 5 11 12 19 20 25 26 28 
30 6 9 6 2 8 14 21 27 29 
31 6 10 7 8 11 16 22 27 28 29 
32 7 5 8 7 8 9 15 16 21 24 31 
33 7 8 9 2 6 7 9 17 18 24 28 31 
34 7 3 3 6 30 31 
35 8 1 10 1 4 5 9 20 22 24 28 32 33 
36 9 3 8 1 3 6 14 24 28 32 35 
37 10 7 3 5 21 36 
38 8 3 5 4 6 15 28 34 
39 8 2 11 3 4 5 7 9 12 26 27 29 30 32 
40 11 10 7 1 13 15 20 21 36 37 
41 2 5 1 7 
42 8 9 7 4 20 22 23 24 31 34 
43 12 1 4 6 34 39 40 
44 7 8 9 2 3 4 5 11 17 20 23 31 
45 12 10 12 9 17 21 25 29 30 36 38 40 41 42 44 
46 13 10 5 3 5 18 28 43 
47 13 3 13 2 3 4 13 20 23 30 34 35 38 40 41 43 
48 7 5 11 6 8 9 14 16 17 21 26 28 30 31 
49 9 2 5 7 8 20 25 38 
50 14 4 12 5 6 8 10 23 25 26 29 31 37 39 47 
