50 20
1 0 13 0 
2 0 14 0 
3 0 10 0 
4 0 14 0 
5 0 11 0 
6 0 11 0 
7 0 6 0 
8 0 13 0 
9 0 7 0 
10 0 10 0 
11 0 11 0 
12 0 12 0 
13 0 14 0 
14 0 12 0 
15 1 13 2 3 6 
16 1 12 5 1 2 5 12 13 
17 1 7 3 4 6 9 
18 1 14 6 3 7 8 10 12 14 
19 1 13 2 5 14 
20 1 10 4 2 11 12 13 
21 1 10 6 5 7 9 11 12 13 
22 1 12 7 2 4 5 6 7 10 11 
23 1 12 5 1 2 4 6 14 
24 1 11 5 3 4 5 8 10 
25 2 22 9 4 5 6 7 12 17 19 22 23 
26 2 11 5 2 11 12 15 18 
27 2 9 6 6 9 14 15 17 24 
28 2 10 7 6 7 14 15 16 21 23 
29 2 8 5 4 14 20 22 23 
30 2 16 10 1 2 3 4 6 7 10 13 15 16 
31 2 12 8 5 7 9 10 13 19 21 22 
32 2 13 8 4 7 10 11 13 16 19 21 
33 2 13 5 11 18 19 21 23 
34 2 8 4 1 9 19 22 
35 2 10 6 1 4 11 14 15 18 
36 2 14 4 8 16 20 24 
37 3 11 12 2 6 7 8 18 22 23 27 28 32 34 35 
38 3 8 5 6 7 8 20 30 
39 3 8 10 6 10 12 13 17 22 25 26 30 35 
40 3 12 10 4 6 8 9 13 15 21 27 33 35 
41 3 13 9 6 7 8 11 15 22 28 33 35 
42 3 13 12 5 6 7 10 12 16 23 24 26 27 31 36 
43 3 10 7 3 13 14 21 26 33 34 
44 4 8 6 4 13 18 26 28 38 
45 4 14 12 4 5 6 7 8 16 17 23 30 34 37 38 
46 4 9 9 4 9 11 12 13 29 30 36 37 
47 3 10 17 1 3 4 7 8 9 12 13 14 15 19 22 29 30 32 35 36 
48 4 14 13 5 10 11 14 15 17 24 28 34 35 38 39 40 
49 4 15 12 2 6 8 11 13 15 19 22 26 31 37 40 
50 4 9 12 2 4 9 10 15 18 21 22 28 29 34 40 
