50 20
1 0 5 0 
2 0 6 0 
3 0 5 0 
4 0 6 0 
5 0 7 0 
6 0 6 0 
7 0 5 0 
8 0 5 0 
9 0 6 0 
10 1 7 2 2 6 
11 1 5 4 1 2 7 9 
12 1 5 1 3 
13 1 7 1 9 
14 1 6 3 4 5 6 
15 1 5 1 7 
16 1 5 2 7 8 
17 1 4 2 3 9 
18 1 4 3 3 4 5 
19 1 6 2 2 9 
20 1 7 1 6 
21 2 6 5 1 7 9 11 13 
22 2 5 4 5 10 15 20 
23 1 4 2 2 3 
24 2 5 7 2 3 8 9 10 11 16 
25 2 7 2 7 18 
26 1 6 1 8 
27 2 5 5 2 5 8 9 19 
28 2 6 1 19 
29 2 6 4 5 9 10 18 
30 3 5 5 6 10 14 20 22 
31 2 6 5 4 6 18 19 20 
32 1 6 3 2 4 5 
33 3 8 6 1 11 12 15 20 24 
34 2 4 3 3 8 12 
35 2 6 6 4 6 12 19 20 23 
36 3 6 4 8 23 26 29 
37 3 5 4 5 10 19 22 
38 2 6 4 1 6 12 17 
39 3 6 4 9 10 25 29 
40 3 4 1 25 
41 3 6 5 8 13 21 26 27 
42 4 4 7 1 3 5 17 18 28 41 
43 4 6 8 2 6 9 13 16 18 27 40 
44 4 5 9 4 8 22 25 26 28 29 37 41 
45 3 5 6 15 17 19 23 24 34 
46 4 6 10 2 4 5 6 18 27 31 34 37 40 
47 4 6 8 1 3 6 11 16 19 20 30 
48 4 4 6 3 10 20 24 26 36 
49 4 6 9 4 14 15 18 26 31 36 37 39 
50 3 5 11 1 2 4 10 14 16 17 21 24 26 38 
