50 20
1 0 5 0 
2 0 4 0 
3 0 7 0 
4 0 4 0 
5 0 5 0 
6 0 5 0 
7 0 5 0 
8 0 3 0 
9 0 3 0 
10 0 5 0 
11 0 6 0 
12 1 8 2 3 5 
13 1 6 1 8 
14 1 6 3 2 5 8 
15 1 6 4 3 8 9 10 
16 1 7 3 1 4 5 
17 1 7 2 5 9 
18 1 5 1 2 
19 2 5 1 14 
20 2 5 2 5 17 
21 2 6 1 17 
22 2 7 3 6 12 14 
23 1 7 3 7 9 11 
24 2 6 5 2 6 11 15 17 
25 0 4 0 
26 2 4 4 8 9 10 16 
27 2 7 3 2 7 17 
28 2 5 1 16 
29 0 6 0 
30 2 5 2 5 18 
31 2 5 3 8 17 23 
32 3 5 4 6 21 22 24 
33 3 5 5 2 8 15 16 26 
34 3 6 2 12 27 
35 2 6 2 15 18 
36 3 7 5 12 13 20 28 29 
37 3 5 6 4 7 11 18 25 27 
38 3 4 4 4 21 23 28 
39 3 5 4 3 8 22 23 
40 2 5 4 9 10 11 12 
41 4 7 9 12 28 30 31 32 33 34 35 39 
42 4 6 6 9 17 19 30 35 39 
43 4 6 6 5 6 11 32 33 38 
44 3 5 7 3 17 19 21 22 23 40 
45 4 7 6 1 10 25 26 35 36 
46 4 5 10 12 16 17 21 22 24 28 30 33 39 
47 4 7 6 3 17 18 20 25 39 
48 4 6 6 17 19 29 30 35 36 
49 4 6 5 10 17 19 27 39 
50 4 5 7 1 6 24 28 31 33 34 
