50 20
1 0 5 0 
2 0 11 0 
3 0 15 0 
4 0 6 0 
5 1 12 1 3 
6 1 5 1 2 
7 2 7 4 1 2 4 6 
8 2 17 1 6 
9 2 5 2 1 6 
10 3 6 3 2 4 8 
11 3 5 2 4 7 
12 3 7 6 2 4 5 6 8 9 
13 4 6 4 1 4 6 11 
14 2 6 4 2 3 5 6 
15 5 7 5 4 6 8 11 13 
16 3 8 7 1 2 4 5 7 8 14 
17 6 10 8 3 7 8 9 11 14 15 16 
18 4 5 5 3 5 9 12 14 
19 6 5 5 2 5 14 15 16 
20 5 6 9 1 2 3 5 9 10 11 13 14 
21 7 6 7 1 7 9 13 16 17 19 
22 8 14 4 7 8 11 21 
23 5 6 8 2 6 8 12 13 14 16 18 
24 8 5 7 1 2 3 9 13 16 21 
25 6 4 8 2 4 6 10 12 15 20 23 
26 9 5 10 1 3 5 9 11 16 20 21 23 24 
27 7 10 7 2 3 5 13 15 16 25 
28 9 8 9 4 5 13 15 17 20 22 23 24 
29 10 10 6 7 11 16 19 25 28 
30 9 5 6 6 9 13 14 20 24 
31 10 6 11 7 8 10 13 17 20 21 23 24 25 26 
32 11 4 9 4 7 9 19 22 23 24 28 31 
33 10 5 9 8 13 14 15 16 21 24 25 30 
34 11 12 7 1 3 11 15 18 21 29 
35 11 5 10 4 5 9 10 13 16 17 20 27 33 
36 12 6 9 1 5 6 12 18 25 26 32 35 
37 12 6 16 1 2 6 7 9 10 12 13 14 16 17 23 24 25 27 34 
38 13 3 8 5 8 12 18 19 23 26 36 
39 12 6 12 10 12 21 22 24 25 26 28 29 30 32 33 
40 14 6 9 7 8 9 15 17 28 30 37 38 
41 13 15 14 6 7 8 9 18 21 23 26 27 30 31 32 34 39 
42 15 9 10 2 3 6 12 22 23 26 36 38 40 
43 16 6 18 1 6 7 10 12 13 16 20 25 26 28 31 32 33 37 39 40 42 
44 15 2 14 2 5 6 7 9 13 16 17 18 20 28 32 33 40 
45 17 13 13 2 4 5 6 15 26 31 32 35 37 41 42 43 
46 18 11 12 4 5 6 11 17 18 20 24 25 29 39 45 
47 17 6 17 1 2 3 10 12 14 15 16 22 25 28 30 34 38 40 42 43 
48 19 10 18 2 4 7 10 14 15 16 17 20 21 25 35 36 38 40 42 44 46 
49 13 14 9 2 9 10 20 27 33 36 37 39 
50 20 12 18 2 4 8 13 14 16 19 20 23 24 25 26 28 29 37 39 43 48 
