50 20
1 0 6 0 
2 0 4 0 
3 0 5 0 
4 1 6 1 3 
5 0 5 0 
6 0 7 0 
7 2 5 4 2 3 4 6 
8 3 5 2 3 7 
9 4 6 3 5 6 8 
10 5 5 6 2 4 5 6 8 9 
11 6 6 6 2 5 6 8 9 10 
12 7 5 7 1 4 5 6 8 9 11 
13 8 4 6 2 5 8 10 11 12 
14 9 4 5 1 2 7 10 13 
15 9 6 4 5 10 11 13 
16 10 5 7 1 2 3 4 8 13 15 
17 11 4 5 3 5 6 7 16 
18 7 5 4 3 5 9 11 
19 10 6 8 1 4 7 11 12 13 15 18 
20 11 6 4 1 10 12 16 
21 11 6 9 1 3 4 5 11 13 15 16 18 
22 12 5 6 6 9 10 11 12 20 
23 12 5 8 1 3 7 8 15 17 18 21 
24 12 5 5 1 4 6 17 20 
25 13 7 12 1 2 3 8 12 14 16 17 20 21 23 24 
26 12 8 9 1 5 9 10 12 14 15 17 19 
27 13 5 9 2 8 9 10 11 14 18 21 22 
28 14 4 14 1 2 11 12 14 15 17 18 19 21 22 25 26 27 
29 14 5 3 3 6 25 
30 15 5 11 1 4 6 7 8 9 11 15 17 22 28 
31 15 7 14 1 2 3 4 6 12 13 19 20 21 22 23 24 29 
32 16 5 12 4 7 10 11 15 18 19 20 22 27 28 30 
33 14 5 15 1 2 4 5 7 8 9 10 14 16 18 21 23 24 25 
34 17 7 11 4 7 9 15 21 22 24 28 29 32 33 
35 16 5 11 2 4 5 8 12 17 19 26 27 29 31 
36 18 6 14 1 2 3 4 7 8 9 19 20 23 26 28 31 34 
37 17 5 16 2 4 7 8 10 11 14 15 17 18 19 25 29 30 32 33 
38 17 5 16 8 9 11 13 17 18 19 22 24 25 27 28 30 31 32 35 
39 19 6 9 1 16 23 24 26 30 32 36 37 
40 20 4 22 1 3 5 12 13 15 16 18 20 21 22 23 25 26 27 30 31 32 34 35 36 39 
41 20 5 17 2 4 5 14 15 17 18 19 20 22 24 28 29 30 34 35 39 
42 21 5 12 6 7 12 15 17 19 28 29 34 39 40 41 
43 22 6 23 2 4 5 7 9 11 13 15 17 18 19 20 21 22 24 27 28 30 31 33 40 41 42 
44 19 5 11 5 6 14 15 18 19 20 24 26 27 36 
45 23 6 22 3 4 6 9 10 11 12 18 20 22 23 24 25 28 30 31 33 35 36 39 41 43 
46 22 6 22 1 2 3 5 6 7 12 15 17 18 20 21 25 27 29 30 31 32 36 37 40 42 
47 24 6 14 1 6 8 9 14 16 23 25 28 30 32 34 38 45 
48 21 6 16 2 4 7 10 12 14 15 19 24 29 33 37 38 39 41 44 
49 24 6 12 1 6 7 9 16 34 36 37 38 43 45 48 
50 24 4 18 2 3 6 7 9 14 16 17 21 24 29 30 31 39 40 43 45 48 
