50 20
1 0 6 0 
2 0 25 0 
3 0 11 0 
4 0 40 0 
5 0 4 0 
6 0 2 0 
7 0 4 0 
8 0 1 0 
9 0 4 0 
10 0 4 0 
11 1 39 3 1 6 8 
12 1 8 2 8 10 
13 1 5 1 5 
14 0 13 0 
15 1 2 1 8 
16 1 13 2 8 10 
17 1 1 2 3 6 
18 1 6 1 5 
19 1 9 1 3 
20 2 28 5 1 2 3 14 15 
21 2 1 1 12 
22 0 2 0 
23 2 10 4 3 8 12 14 
24 2 7 4 2 10 14 19 
25 1 4 1 10 
26 2 36 2 4 15 
27 2 4 1 18 
28 2 2 4 5 8 9 11 
29 2 9 2 11 17 
30 2 1 4 7 9 16 18 
31 2 19 3 9 13 17 
32 3 3 4 21 25 27 29 
33 3 23 5 1 2 16 18 20 
34 3 11 7 5 7 15 19 25 26 31 
35 3 1 4 5 15 20 24 
36 3 2 5 16 17 21 22 25 
37 3 3 4 4 10 21 24 
38 1 6 2 4 9 
39 3 15 5 2 5 9 27 28 
40 3 1 4 14 16 18 30 
41 4 22 10 1 8 13 17 20 24 28 33 34 35 
42 4 30 5 3 10 28 32 33 
43 2 3 2 9 18 
44 4 18 9 1 7 17 18 21 27 29 30 35 
45 3 4 4 8 16 24 27 
46 4 6 5 3 12 19 33 36 
47 3 2 1 20 
48 4 1 5 23 24 28 30 32 
49 3 2 3 10 20 29 
50 4 4 5 5 12 30 34 35 
