50 20
1 0 1 0 
2 0 3 0 
3 0 12 0 
4 0 5 0 
5 0 5 0 
6 1 1 1 4 
7 1 5 1 1 
8 1 3 1 5 
9 2 6 2 5 6 
10 2 1 2 2 6 
11 2 2 2 5 6 
12 3 1 1 11 
13 2 2 4 1 2 5 6 
14 3 9 4 1 3 4 9 
15 4 1 4 3 4 9 12 
16 1 1 2 3 4 
17 4 6 4 2 6 11 14 
18 5 4 6 1 4 10 11 15 16 
19 6 4 5 1 4 7 15 18 
20 4 11 6 3 8 10 11 12 14 
21 1 1 2 1 2 
22 6 2 7 1 6 7 9 18 20 21 
23 6 2 2 10 18 
24 7 3 9 1 4 6 9 10 13 17 18 22 
25 7 6 5 2 4 8 12 22 
26 4 4 2 7 12 
27 3 3 3 10 11 21 
28 7 4 4 8 14 22 27 
29 7 4 2 10 22 
30 7 3 3 6 10 19 
31 8 1 4 4 14 16 30 
32 8 1 9 3 7 11 12 15 16 18 22 25 
33 3 1 3 2 5 9 
34 9 11 7 1 14 20 22 25 29 32 
35 10 12 8 1 2 4 8 9 23 32 34 
36 11 6 6 1 7 11 16 30 35 
37 12 13 8 2 6 10 18 23 24 31 36 
38 7 19 6 1 10 12 16 17 19 
39 9 11 6 4 8 11 18 29 32 
40 13 6 13 1 4 6 7 10 15 17 19 21 22 27 33 37 
41 7 8 6 8 9 15 18 22 33 
42 14 4 8 1 2 16 21 26 27 35 40 
43 8 1 10 1 2 5 8 11 13 17 18 24 30 
44 11 1 16 2 3 4 6 7 11 13 20 21 23 25 26 30 35 38 39 
45 11 9 15 1 5 7 12 13 15 16 20 22 24 26 28 34 35 41 
46 10 7 9 6 7 9 12 16 21 28 34 39 
47 15 1 6 9 23 27 39 41 42 
48 13 5 9 3 17 24 25 29 35 37 41 46 
49 14 9 8 6 7 16 20 32 41 43 48 
50 14 2 8 7 8 16 30 31 39 40 43 
