50 20
1 0 3 0 
2 1 19 1 1 
3 2 9 2 1 2 
4 3 13 3 1 2 3 
5 4 18 3 1 2 4 
6 5 1 2 3 5 
7 6 3 6 1 2 3 4 5 6 
8 5 20 4 1 2 4 5 
9 7 17 5 1 3 4 7 8 
10 7 3 6 2 3 4 5 7 8 
11 8 5 8 2 3 5 6 7 8 9 10 
12 9 9 6 1 3 5 6 10 11 
13 9 15 8 1 2 3 4 8 9 10 11 
14 10 14 9 1 2 3 6 7 8 10 11 12 
15 11 4 9 1 2 3 4 5 6 8 9 14 
16 12 18 10 3 4 7 8 9 11 12 13 14 15 
17 10 2 11 1 2 3 4 5 6 7 9 10 11 12 
18 13 4 11 2 4 5 6 8 10 11 13 15 16 17 
19 13 12 12 2 4 7 9 10 11 12 13 14 15 16 17 
20 13 6 15 1 2 3 4 5 6 7 8 9 11 13 14 15 16 17 
21 14 18 9 1 2 4 6 9 10 13 15 19 
22 15 12 15 1 2 3 5 6 7 9 10 11 13 14 16 18 20 21 
23 16 7 16 1 2 3 4 5 8 9 10 11 15 16 17 19 20 21 22 
24 17 20 15 2 5 6 7 8 9 11 12 14 15 17 18 19 20 23 
25 18 10 18 1 2 4 5 6 7 9 10 11 12 13 14 16 17 18 20 21 24 
26 19 7 19 2 3 4 5 6 8 10 11 12 13 14 15 17 18 19 20 23 24 25 
27 20 12 18 3 4 5 6 7 9 12 13 14 17 18 19 21 22 23 24 25 26 
28 21 6 20 1 3 4 5 6 7 8 9 11 12 13 14 17 18 19 20 22 25 26 27 
29 22 14 16 2 6 8 9 10 15 16 18 20 21 22 23 24 25 27 28 
30 22 12 17 2 3 4 5 6 9 10 13 15 19 22 23 24 25 26 27 28 
31 23 15 21 1 2 4 5 6 7 8 9 10 14 15 16 18 20 21 23 24 26 27 28 29 
32 24 2 20 1 3 4 5 6 10 11 13 15 16 17 19 20 21 25 26 27 28 29 31 
33 25 10 21 3 4 5 6 7 9 10 12 14 16 17 18 20 21 23 24 26 28 29 30 32 
34 26 13 25 1 2 3 4 5 6 7 8 10 12 13 18 20 21 23 24 25 26 27 28 29 30 31 32 33 
35 27 4 23 1 2 5 7 8 9 11 13 14 15 17 19 20 21 22 25 27 28 29 30 32 33 34 
36 28 12 25 1 2 4 6 7 8 9 10 11 12 15 16 17 18 21 23 25 26 27 28 29 31 33 34 35 
37 28 4 22 1 4 6 7 8 11 12 13 14 15 17 19 21 22 25 26 27 29 30 32 34 35 
38 29 16 29 1 4 6 8 9 10 11 12 13 14 16 17 19 20 23 24 25 26 27 28 29 30 31 32 33 34 35 36 37 
39 30 7 24 1 2 4 8 9 10 12 15 17 19 21 22 23 24 25 27 29 30 31 32 33 36 37 38 
40 29 16 24 1 2 3 6 7 8 10 11 13 14 15 18 19 20 22 23 24 27 28 30 32 33 36 37 
41 30 13 29 1 2 3 4 6 8 9 10 11 13 14 15 18 19 21 22 23 24 25 27 28 31 32 33 35 36 37 38 40 
42 31 17 29 1 2 3 4 5 6 7 8 10 11 12 13 15 16 18 19 23 25 26 27 28 33 34 35 36 37 38 40 41 
43 32 6 29 1 2 5 6 7 8 9 10 11 12 13 15 16 17 18 19 21 22 23 24 26 27 33 35 36 37 38 39 42 
44 33 10 34 1 2 3 4 5 8 11 12 13 15 17 18 20 21 22 23 24 26 27 28 29 30 31 32 33 34 35 36 38 39 40 41 42 43 
45 33 12 28 1 2 3 4 5 7 8 10 12 13 14 15 16 17 18 19 21 23 24 25 26 27 29 33 37 39 41 43 
46 34 6 32 2 4 6 7 8 9 10 12 13 15 17 19 20 21 24 25 27 28 29 30 31 32 33 34 36 38 39 40 41 43 44 45 
47 35 19 35 1 3 4 5 6 7 8 9 12 13 15 17 19 20 21 22 23 24 25 27 28 29 30 31 32 33 35 37 39 40 41 43 44 45 46 
48 36 14 36 1 3 4 5 6 8 10 11 12 14 15 16 17 18 20 21 22 24 25 26 27 28 29 30 31 32 33 34 36 38 39 41 42 44 45 47 
49 37 17 32 3 4 7 8 11 12 14 15 16 17 18 19 20 21 23 24 25 26 27 28 30 31 33 34 35 36 40 42 43 45 47 48 
50 38 16 39 1 2 4 6 7 9 12 13 14 15 16 17 18 20 21 22 23 24 25 26 27 28 29 31 32 33 34 35 36 37 39 40 42 43 44 45 47 48 49 
