50 20
1 0 13 0 
2 0 14 0 
3 0 5 0 
4 0 6 0 
5 0 14 0 
6 0 12 0 
7 0 8 0 
8 0 14 0 
9 0 8 0 
10 0 5 0 
11 0 6 0 
12 0 8 0 
13 1 10 2 2 6 
14 0 10 0 
15 0 8 0 
16 1 9 1 10 
17 0 6 0 
18 2 13 3 7 14 16 
19 0 13 0 
20 1 5 1 5 
21 1 11 1 3 
22 0 13 0 
23 0 6 0 
24 1 11 1 2 
25 1 5 1 10 
26 1 5 1 11 
27 1 6 1 3 
28 0 12 0 
29 1 10 1 5 
30 1 5 2 15 22 
31 0 5 0 
32 2 7 1 26 
33 2 7 3 8 16 26 
34 2 5 2 10 13 
35 1 12 2 8 11 
36 2 7 5 4 9 11 21 27 
37 1 8 1 11 
38 2 9 1 27 
39 1 9 1 6 
40 0 7 0 
41 1 8 2 6 8 
42 1 7 1 15 
43 2 8 2 3 37 
44 2 11 1 30 
45 2 6 2 22 41 
46 2 3 3 3 35 39 
47 2 5 2 17 39 
48 1 13 1 1 
49 1 6 1 4 
50 2 12 3 5 24 37 
