50 20
1 0 3 0 
2 0 4 0 
3 0 4 0 
4 0 1 0 
5 0 1 0 
6 0 5 0 
7 0 1 0 
8 0 3 0 
9 0 2 0 
10 0 2 0 
11 1 6 3 1 4 10 
12 1 2 3 2 7 9 
13 1 4 5 4 5 6 7 9 
14 1 7 6 1 3 5 6 9 10 
15 1 4 5 4 5 8 9 10 
16 1 1 1 6 
17 1 5 1 4 
18 1 3 5 1 2 7 8 9 
19 1 4 1 6 
20 1 2 4 1 2 4 5 
21 1 2 3 2 3 4 
22 1 1 3 5 7 10 
23 1 3 3 2 3 8 
24 1 1 4 1 2 9 10 
25 1 8 5 1 2 3 4 6 
26 2 5 9 5 8 11 14 15 16 17 20 22 
27 2 4 8 1 5 10 12 15 17 19 23 
28 2 2 8 2 5 8 9 14 15 17 23 
29 2 7 9 6 8 10 13 15 16 17 19 23 
30 2 3 10 2 3 4 7 9 11 13 15 19 23 
31 2 1 9 1 5 6 8 11 15 16 21 24 
32 2 1 6 1 7 8 10 16 22 
33 2 14 9 1 2 5 6 7 11 12 13 23 
34 3 4 8 4 7 16 20 23 26 29 31 
35 3 5 7 2 9 22 23 24 28 31 
36 3 6 12 3 9 13 14 19 20 22 23 24 25 27 29 
37 3 10 14 1 7 9 10 14 15 16 17 18 22 27 28 30 33 
38 3 11 12 1 6 7 10 12 14 18 20 23 25 26 29 
39 3 1 10 7 9 11 13 14 20 22 26 28 30 
40 3 2 11 7 11 12 17 18 22 23 24 29 30 31 
41 3 2 15 2 4 5 6 7 8 11 12 17 18 19 22 23 24 33 
42 3 14 15 2 3 7 12 13 14 18 19 25 26 28 29 30 31 32 
43 3 17 7 4 5 12 14 17 27 33 
44 3 20 16 1 3 7 8 10 11 15 16 17 18 24 25 26 29 31 32 
45 3 1 14 5 7 8 12 13 15 16 18 21 22 23 27 30 31 
46 4 8 16 1 2 6 15 17 25 27 32 34 37 38 39 40 41 44 45 
47 4 12 12 2 4 8 9 18 22 24 25 27 29 36 43 
48 4 6 19 5 9 10 11 14 17 21 22 23 27 28 29 30 31 34 40 41 42 43 
49 4 2 16 2 7 11 16 18 19 20 22 25 28 31 34 35 36 43 45 
50 4 8 19 3 4 7 8 9 10 12 21 22 24 25 27 30 32 33 36 38 42 43 
