50 20
1 0 1 0 
2 0 4 0 
3 0 6 0 
4 0 5 0 
5 0 1 0 
6 0 2 0 
7 0 1 0 
8 0 4 0 
9 1 3 3 3 4 7 
10 1 2 2 4 6 
11 0 10 0 
12 1 4 1 3 
13 1 4 2 2 3 
14 1 3 4 2 3 4 5 
15 1 2 1 4 
16 0 3 0 
17 1 2 1 2 
18 2 4 5 2 6 9 16 17 
19 2 7 2 2 14 
20 2 3 5 2 5 7 8 13 
21 2 1 6 2 5 10 13 16 17 
22 2 3 5 5 7 11 12 17 
23 2 2 7 1 4 6 7 10 14 17 
24 2 7 4 3 4 9 16 
25 2 6 4 4 5 8 12 
26 2 7 2 3 15 
27 3 3 2 1 22 
28 3 1 5 6 7 12 17 24 
29 3 1 5 3 8 14 16 21 
30 1 8 2 5 6 
31 3 8 5 5 9 20 23 26 
32 3 1 4 3 4 21 26 
33 3 5 5 7 10 11 20 23 
34 3 15 6 11 15 16 17 21 23 
35 3 6 5 3 10 16 24 26 
36 3 15 6 4 6 11 16 20 24 
37 3 1 2 20 22 
38 3 4 6 4 7 8 12 14 22 
39 4 3 9 2 4 6 7 8 11 17 30 33 
40 4 11 11 3 4 11 12 22 23 24 28 30 33 36 
41 4 1 8 1 3 10 12 13 24 28 37 
42 4 1 6 9 11 15 19 25 33 
43 4 2 6 5 9 28 30 34 37 
44 4 5 2 17 29 
45 4 5 6 2 10 13 31 35 38 
46 4 3 8 3 5 9 15 24 26 31 32 
47 4 2 9 1 11 14 15 22 26 29 33 35 
48 4 3 6 5 9 20 24 28 33 
49 4 3 9 2 6 9 16 18 20 21 27 30 
50 3 4 6 13 21 23 24 25 26 
