50 20
1 0 6 0 
2 0 6 0 
3 0 7 0 
4 0 7 0 
5 0 7 0 
6 0 6 0 
7 0 5 0 
8 0 5 0 
9 0 6 0 
10 0 6 0 
11 0 5 0 
12 0 4 0 
13 0 6 0 
14 0 6 0 
15 0 7 0 
16 0 6 0 
17 0 7 0 
18 1 5 4 6 7 13 14 
19 1 7 2 5 15 
20 1 5 3 1 3 5 
21 1 5 1 17 
22 1 6 5 1 2 7 13 15 
23 1 6 4 5 7 11 13 
24 1 6 1 10 
25 2 6 7 3 7 8 14 16 21 22 
26 2 4 2 2 19 
27 2 6 3 3 6 21 
28 1 7 4 3 4 8 17 
29 2 6 1 21 
30 1 6 3 1 10 15 
31 1 4 2 12 15 
32 1 6 6 1 5 12 13 14 17 
33 0 6 0 
34 1 6 2 3 9 
35 3 6 4 7 8 21 26 
36 3 5 7 3 7 12 15 20 24 26 
37 3 5 2 7 26 
38 2 4 2 7 32 
39 2 6 1 18 
40 2 5 4 13 15 18 21 
41 2 7 1 30 
42 3 5 5 10 13 14 19 29 
43 3 5 3 10 29 38 
44 2 5 6 2 7 15 16 23 32 
45 2 7 1 32 
46 3 6 4 7 19 26 34 
47 3 5 11 1 4 5 12 16 21 25 26 31 33 39 
48 3 6 5 8 19 26 29 33 
49 3 5 1 29 
50 3 5 3 7 17 39 
