50 20
1 0 11 0 
2 0 9 0 
3 0 10 0 
4 0 6 0 
5 0 9 0 
6 1 9 1 4 
7 0 11 0 
8 2 4 1 6 
9 1 14 1 2 
10 1 2 1 2 
11 0 10 0 
12 1 14 2 7 11 
13 2 12 3 3 7 9 
14 1 13 1 1 
15 1 8 1 3 
16 1 8 1 2 
17 0 13 0 
18 2 15 5 2 6 11 14 17 
19 1 9 1 4 
20 2 9 3 12 17 19 
21 1 14 1 7 
22 3 9 4 6 16 20 21 
23 2 8 6 2 3 4 11 16 21 
24 3 10 3 10 14 20 
25 4 5 5 1 7 15 21 22 
26 2 12 2 12 14 
27 3 8 4 8 12 20 26 
28 4 9 5 1 7 10 24 27 
29 5 16 5 1 19 21 25 26 
30 4 9 5 3 14 16 23 24 
31 2 9 3 3 11 19 
32 2 14 5 3 5 10 12 14 
33 4 13 2 15 24 
34 3 11 6 3 11 17 20 26 32 
35 5 10 5 21 25 26 31 34 
36 4 14 5 5 14 17 24 32 
37 4 9 3 11 19 34 
38 6 9 8 3 5 9 10 22 26 29 35 
39 7 10 7 3 11 18 19 26 32 38 
40 4 11 4 1 17 22 24 
41 4 12 7 3 4 9 15 20 32 34 
42 5 13 5 4 6 12 32 37 
43 7 12 4 3 28 38 41 
44 6 11 3 19 20 35 
45 5 7 6 9 12 14 19 31 41 
46 7 3 7 11 12 19 22 34 44 45 
47 4 15 6 1 6 12 17 21 27 
48 8 9 4 6 18 41 46 
49 9 10 10 3 5 7 10 19 25 27 31 33 48 
50 10 13 7 7 16 31 36 37 43 49 
