50 20
1 0 6 0 
2 0 5 0 
3 1 10 1 2 
4 1 11 1 2 
5 1 5 1 2 
6 2 9 2 3 5 
7 3 6 2 5 6 
8 4 7 6 1 3 4 5 6 7 
9 5 13 4 2 4 7 8 
10 6 6 6 1 3 5 6 7 9 
11 7 5 5 1 4 5 9 10 
12 8 5 5 2 3 9 10 11 
13 9 6 7 2 3 4 5 7 10 12 
14 10 5 3 7 10 13 
15 11 6 8 2 3 7 8 9 10 11 14 
16 12 5 8 1 2 5 6 10 11 12 15 
17 13 7 7 1 3 4 9 14 15 16 
18 13 6 8 1 2 3 4 8 14 15 16 
19 14 9 8 1 4 7 9 10 13 16 18 
20 15 7 10 3 5 6 8 9 10 12 13 16 19 
21 16 7 9 2 8 9 11 13 15 17 19 20 
22 14 11 11 1 4 7 9 10 11 13 14 15 16 17 
23 17 7 13 1 2 5 8 9 10 11 12 14 16 17 19 21 
24 18 12 10 1 2 8 11 12 15 17 21 22 23 
25 19 9 18 1 2 3 5 6 7 8 9 10 11 12 14 17 19 20 21 23 24 
26 20 15 8 1 8 11 14 15 17 18 25 
27 20 6 15 1 2 7 10 11 12 14 16 17 18 20 21 22 24 25 
28 21 10 16 2 4 7 8 10 13 14 15 17 18 20 21 22 24 26 27 
29 22 5 16 2 3 5 9 10 11 12 14 18 19 20 22 24 25 27 28 
30 23 3 17 1 3 5 7 8 9 11 13 14 15 16 19 20 21 24 27 29 
31 21 6 10 2 3 7 8 14 19 21 23 26 27 
32 23 10 18 1 2 3 5 8 9 10 11 13 14 15 18 21 22 23 27 29 31 
33 24 11 14 3 7 8 9 10 12 13 15 18 20 23 24 25 32 
34 25 6 17 5 8 10 11 12 14 16 17 20 21 22 25 26 28 29 32 33 
35 26 13 16 3 4 5 10 11 14 15 17 21 23 24 25 29 30 31 34 
36 27 5 19 2 3 6 7 8 9 12 13 14 16 20 21 23 25 26 30 32 34 35 
37 28 5 12 4 7 12 13 17 20 21 22 24 27 35 36 
38 28 8 15 1 2 3 4 11 17 18 19 20 26 27 30 31 35 36 
39 29 14 24 1 2 5 6 11 12 13 14 15 17 19 20 21 23 25 26 31 32 33 34 35 36 37 38 
40 29 6 22 1 2 4 8 9 10 11 12 13 14 16 17 18 21 22 23 25 26 29 30 34 38 
41 30 9 21 1 2 3 6 14 16 17 19 21 22 23 25 27 28 31 35 36 37 38 39 40 
42 30 6 19 2 4 11 13 15 18 19 20 21 22 24 28 30 32 33 34 35 37 39 
43 31 6 20 2 8 10 14 15 16 17 19 21 25 26 27 31 33 34 36 38 39 41 42 
44 32 6 26 1 4 5 6 11 12 14 15 16 17 20 21 22 23 26 27 30 32 34 36 37 38 39 40 42 43 
45 32 6 27 1 2 4 6 8 10 11 13 14 15 16 17 19 20 21 22 23 25 28 29 31 33 34 35 38 39 43 
46 33 4 21 1 2 3 7 8 10 11 13 16 19 21 23 25 27 29 30 32 34 37 42 45 
47 31 14 21 5 6 7 8 11 14 16 17 20 22 24 30 31 33 34 35 36 38 39 40 41 
48 34 5 25 1 2 3 4 8 13 18 19 20 21 23 25 27 28 29 30 31 34 36 38 39 40 44 45 46 
49 35 18 29 1 3 4 6 8 9 10 11 12 14 18 20 25 26 27 29 30 31 32 34 35 36 37 40 41 43 45 46 48 
50 36 5 26 1 6 7 11 12 13 14 15 16 17 19 21 24 27 30 32 36 37 38 43 44 45 46 47 48 49 
