50 20
1 0 12 0 
2 0 12 0 
3 0 4 0 
4 0 5 0 
5 0 4 0 
6 0 5 0 
7 0 14 0 
8 0 7 0 
9 0 14 0 
10 0 14 0 
11 0 9 0 
12 1 9 9 1 3 4 6 7 8 9 10 11 
13 1 9 8 2 4 5 6 7 9 10 11 
14 1 5 9 1 2 3 4 5 6 7 8 10 
15 1 6 5 1 5 6 7 8 
16 1 5 8 1 2 3 4 5 8 9 10 
17 1 12 8 1 2 4 5 7 8 10 11 
18 1 10 7 1 2 4 5 6 10 11 
19 1 5 7 1 3 5 6 7 8 10 
20 1 4 6 1 3 4 9 10 11 
21 1 4 5 1 4 5 10 11 
22 2 13 13 2 3 4 5 6 7 8 13 15 17 18 19 21 
23 2 4 13 1 2 4 6 9 10 11 13 14 17 18 19 21 
24 2 8 14 3 4 6 7 8 10 11 13 14 16 17 18 19 20 
25 2 7 14 2 3 4 5 6 8 9 11 12 13 18 19 20 21 
26 2 7 12 3 4 5 7 9 12 13 14 15 16 17 20 
27 2 7 13 2 3 5 7 8 9 10 11 12 14 17 18 21 
28 2 6 15 1 2 4 7 8 10 11 12 13 16 17 18 19 20 21 
29 2 11 14 1 5 6 7 8 9 10 11 12 15 16 19 20 21 
30 2 9 11 1 4 5 6 10 12 13 14 15 16 20 
31 2 7 10 1 3 6 7 9 12 15 16 17 20 
32 2 7 15 1 2 4 5 7 9 10 11 12 14 15 17 18 20 21 
33 2 6 18 1 2 3 4 6 7 8 9 10 11 12 13 14 15 17 18 19 21 
34 2 6 14 2 3 5 6 9 10 13 14 15 16 18 19 20 21 
35 3 5 22 1 2 3 4 5 6 11 12 13 15 16 18 20 21 22 24 25 26 28 29 30 34 
36 3 6 23 2 3 4 5 6 7 8 11 12 14 16 17 18 19 20 21 23 24 25 28 29 32 33 
37 3 5 24 2 3 4 5 6 8 10 12 14 15 17 18 19 21 22 23 24 25 27 28 30 32 33 34 
38 3 5 21 1 2 4 6 7 8 10 11 13 15 16 17 18 19 20 21 26 27 28 30 33 
39 4 9 22 1 2 3 4 5 8 13 14 15 16 19 20 21 23 26 28 29 30 31 32 34 38 
40 4 5 29 1 2 4 7 8 9 10 11 12 13 14 15 16 17 18 19 20 21 22 23 24 25 26 27 28 30 31 33 36 
41 4 11 24 1 2 3 4 6 8 10 12 14 16 17 19 20 21 22 23 25 26 28 29 30 34 37 38 
42 4 14 21 1 3 4 6 7 8 10 12 13 17 18 20 21 23 24 28 31 33 34 35 36 
43 4 6 21 2 3 4 5 8 10 15 17 18 19 21 23 24 25 26 27 28 30 31 34 35 
44 4 11 22 1 2 5 6 8 13 15 16 18 21 22 26 27 29 30 31 32 33 35 36 37 38 
45 4 5 24 1 2 5 6 7 11 13 14 15 16 18 20 21 24 26 27 28 30 31 32 35 36 37 38 
46 4 10 20 2 3 9 10 11 14 15 18 19 22 23 25 26 28 32 34 35 36 37 38 
47 4 6 25 1 3 4 6 7 12 14 15 16 17 18 19 22 23 24 25 28 29 30 31 32 33 34 36 37 
48 4 13 29 1 2 3 4 5 7 8 9 12 13 14 15 16 17 19 20 21 22 23 24 25 26 29 30 31 32 34 37 38 
49 4 10 29 1 4 5 7 8 9 10 11 12 13 15 16 18 19 20 21 22 24 25 27 28 30 31 32 33 34 36 37 38 
50 4 7 23 2 3 6 7 8 10 11 12 15 18 19 20 21 25 26 28 29 30 31 32 33 34 37 
