50 20
1 0 9 0 
2 0 6 0 
3 0 1 0 
4 0 3 0 
5 0 1 0 
6 0 7 0 
7 0 6 0 
8 1 15 3 1 2 4 
9 0 16 0 
10 1 19 1 3 
11 0 13 0 
12 0 19 0 
13 0 1 0 
14 0 2 0 
15 0 10 0 
16 0 20 0 
17 0 6 0 
18 0 8 0 
19 1 9 1 13 
20 1 2 1 14 
21 1 3 1 14 
22 1 5 1 11 
23 1 2 1 12 
24 0 15 0 
25 2 20 1 8 
26 2 7 1 8 
27 1 10 1 1 
28 0 10 0 
29 1 18 1 13 
30 2 2 3 3 10 18 
31 3 19 3 12 26 27 
32 1 10 1 24 
33 1 3 1 13 
34 3 9 4 5 23 24 25 
35 2 3 3 14 17 19 
36 1 10 2 9 15 
37 1 20 2 11 12 
38 1 3 2 4 17 
39 1 1 2 7 13 
40 1 8 1 18 
41 0 7 0 
42 1 17 1 15 
43 4 9 2 17 31 
44 4 3 2 6 31 
45 2 10 3 7 18 32 
46 2 10 5 1 2 24 33 38 
47 2 9 3 21 22 37 
48 4 6 4 16 21 31 40 
49 3 9 2 3 35 
50 1 10 2 5 15 
