50 20
1 0 5 0 
2 0 5 0 
3 0 7 0 
4 0 7 0 
5 0 5 0 
6 0 5 0 
7 0 5 0 
8 0 5 0 
9 0 6 0 
10 0 6 0 
11 0 4 0 
12 1 6 9 2 3 4 6 7 8 9 10 11 
13 1 5 6 2 4 6 7 8 9 
14 1 6 9 1 2 3 4 5 6 7 8 10 
15 1 5 9 1 2 3 4 5 7 8 10 11 
16 1 6 8 1 2 3 5 7 8 9 11 
17 1 4 6 1 2 5 7 8 9 
18 1 6 9 1 2 3 4 5 6 8 9 11 
19 1 6 6 1 2 4 7 8 10 
20 1 5 10 1 2 3 4 5 7 8 9 10 11 
21 1 8 6 1 2 4 7 9 11 
22 1 5 11 1 2 3 4 5 6 7 8 9 10 11 
23 1 5 6 1 2 4 6 7 8 
24 2 5 17 1 2 3 4 5 10 11 12 13 14 15 16 17 19 20 21 23 
25 2 7 16 1 2 3 5 6 7 8 9 11 12 16 17 18 19 21 23 
26 2 5 14 1 5 6 7 8 9 10 12 13 14 17 18 19 20 
27 2 5 12 1 4 5 6 7 8 10 13 16 17 19 22 
28 2 7 15 1 2 3 6 7 8 9 12 13 14 17 18 19 20 22 
29 2 6 18 2 3 4 6 7 9 10 11 12 13 14 15 18 19 20 21 22 23 
30 2 5 19 1 2 4 5 6 7 8 9 10 12 13 15 16 17 18 19 21 22 23 
31 2 7 17 1 5 6 7 9 10 11 12 13 15 16 17 18 19 20 21 22 
32 2 5 14 1 2 3 8 9 10 11 12 14 17 20 21 22 23 
33 3 6 23 1 2 3 4 5 7 9 11 12 13 14 19 21 22 23 24 25 26 27 28 29 30 32 
34 3 5 23 1 2 5 6 7 8 10 11 14 15 17 18 20 21 22 23 25 26 27 28 29 30 31 
35 3 6 19 3 6 8 9 10 11 12 16 17 18 19 20 21 22 23 25 29 30 31 
36 3 5 26 1 2 3 4 5 6 7 8 10 11 12 13 14 15 16 17 19 21 24 25 27 28 29 30 31 32 
37 3 5 21 2 3 4 5 6 7 8 9 10 11 13 15 19 22 23 24 25 26 30 31 32 
38 3 5 19 1 2 3 4 5 6 9 10 11 14 17 20 22 24 26 27 28 29 31 
39 3 5 22 1 2 4 5 8 10 11 14 16 17 19 20 21 22 23 24 25 26 29 30 31 32 
40 3 5 21 1 2 5 6 7 9 14 15 19 20 21 22 23 24 25 27 28 29 30 31 32 
41 3 7 23 1 3 4 5 7 8 9 11 12 13 14 16 17 18 20 23 24 25 27 28 30 31 32 
42 3 5 20 1 2 8 9 10 12 14 15 17 19 20 22 23 24 25 26 28 29 31 32 
43 3 5 18 1 2 7 12 14 15 16 19 20 22 23 24 25 27 28 29 30 32 
44 3 6 24 1 2 4 6 8 10 12 13 14 15 16 18 19 20 22 23 24 25 26 27 28 29 30 32 
45 4 6 29 1 2 6 7 8 9 10 12 13 15 17 20 21 22 23 25 26 27 28 29 30 33 34 35 36 37 38 41 42 
46 4 5 28 1 4 6 7 8 9 11 12 13 14 15 17 19 22 23 24 25 26 28 31 33 34 35 36 38 41 42 43 
47 4 5 31 1 2 3 4 5 6 8 9 14 15 16 18 19 20 21 23 24 26 28 32 33 34 35 36 37 38 39 41 42 43 44 
48 4 6 30 1 3 4 5 7 8 9 10 11 14 15 16 18 20 21 23 26 28 29 30 31 32 34 35 36 37 40 41 42 43 
49 4 6 33 1 2 3 4 5 6 9 10 12 14 15 16 19 20 21 22 23 24 25 26 27 29 30 31 33 34 35 36 37 38 39 41 42 
50 4 5 23 1 4 5 7 9 10 11 12 13 14 17 20 21 24 26 28 29 30 37 40 41 42 43 
