50 20
1 0 5 0 
2 0 5 0 
3 0 5 0 
4 0 5 0 
5 0 4 0 
6 0 5 0 
7 0 6 0 
8 0 7 0 
9 0 8 0 
10 1 6 1 6 
11 1 5 1 3 
12 0 6 0 
13 0 6 0 
14 1 4 1 1 
15 1 5 1 6 
16 2 7 4 3 5 9 10 
17 0 5 0 
18 2 4 2 9 14 
19 1 5 3 6 7 13 
20 2 5 2 6 11 
21 2 5 2 11 13 
22 1 6 2 5 8 
23 1 5 1 7 
24 0 6 0 
25 2 6 4 4 8 12 15 
26 1 5 2 6 13 
27 2 5 3 2 4 15 
28 3 7 3 25 26 27 
29 3 6 7 5 8 9 14 16 24 26 
30 3 3 5 7 8 10 20 26 
31 2 8 4 1 10 11 19 
32 3 4 7 1 3 19 21 22 24 27 
33 2 4 3 3 11 23 
34 2 5 2 5 15 
35 3 5 3 10 20 23 
36 3 5 1 18 
37 2 6 4 1 4 14 26 
38 3 6 3 2 16 25 
39 3 5 6 4 14 15 16 17 19 
40 1 6 1 8 
41 3 6 5 7 9 12 22 27 
42 2 7 3 6 15 17 
43 4 7 10 1 3 8 11 15 20 23 28 29 31 
44 4 4 6 7 10 11 19 22 28 
45 1 6 4 5 7 9 24 
46 2 5 1 15 
47 4 5 6 10 12 13 16 30 38 
48 3 5 3 24 25 31 
49 4 6 4 16 17 29 35 
50 4 5 5 15 19 28 33 36 
