50 20
1 0 10 0 
2 0 1 0 
3 0 1 0 
4 1 10 1 2 
5 0 21 0 
6 0 20 0 
7 0 4 0 
8 1 2 1 2 
9 0 1 0 
10 1 13 2 2 5 
11 2 2 2 4 10 
12 0 17 0 
13 0 2 0 
14 1 2 4 3 5 12 13 
15 0 13 0 
16 1 6 2 1 6 
17 2 1 1 16 
18 3 2 2 7 17 
19 1 6 2 3 9 
20 2 1 2 5 14 
21 3 1 2 17 20 
22 2 7 1 14 
23 3 4 3 14 15 17 
24 1 3 3 2 7 15 
25 3 19 4 9 17 19 22 
26 1 8 1 15 
27 3 1 3 1 11 17 
28 3 4 2 3 11 
29 0 3 0 
30 2 4 1 16 
31 1 5 2 13 15 
32 4 20 2 19 25 
33 0 8 0 
34 2 23 3 5 13 19 
35 4 4 2 8 27 
36 3 4 4 11 13 20 22 
37 4 7 2 4 18 
38 1 27 1 7 
39 4 4 3 19 25 26 
40 5 22 3 11 13 39 
41 4 14 2 28 29 
42 4 8 1 28 
43 3 1 3 5 13 34 
44 4 48 4 9 18 28 34 
45 6 2 2 16 40 
46 4 2 8 1 2 5 8 14 18 30 34 
47 3 26 3 4 5 34 
48 5 3 7 1 5 13 23 32 38 46 
49 5 15 5 7 15 22 25 32 
50 1 4 1 13 
