50 20
1 0 5 0 
2 1 13 1 1 
3 2 5 2 1 2 
4 2 5 2 1 2 
5 3 5 3 1 3 4 
6 4 6 5 1 2 3 4 5 
7 4 11 3 1 3 5 
8 4 16 4 1 3 4 5 
9 4 6 2 3 5 
10 5 4 6 3 4 5 6 7 8 
11 6 16 7 1 3 4 6 7 9 10 
12 7 7 7 2 3 5 7 9 10 11 
13 8 15 10 1 2 3 5 6 7 8 9 10 12 
14 9 4 9 2 3 4 6 7 9 11 12 13 
15 10 6 7 5 8 9 11 12 13 14 
16 10 6 10 2 3 4 5 9 10 11 12 13 14 
17 11 10 11 1 2 4 5 6 7 10 11 13 14 15 
18 12 6 10 2 3 4 5 7 9 11 12 15 17 
19 12 10 11 1 2 5 6 7 8 9 11 15 16 17 
20 11 9 8 1 6 8 9 11 12 13 15 
21 13 4 15 1 2 3 5 6 7 8 9 10 13 14 15 16 18 20 
22 14 4 11 2 3 4 6 8 14 15 16 17 20 21 
23 14 5 16 1 2 3 6 8 9 11 12 13 14 15 16 17 18 20 21 
24 15 6 12 2 4 5 6 9 11 13 15 17 20 21 22 
25 15 6 13 1 3 4 6 7 8 9 15 16 17 18 20 23 
26 16 14 18 1 3 5 7 8 9 10 11 13 14 15 16 17 18 19 22 23 25 
27 16 4 15 1 4 5 6 7 8 9 16 17 18 19 21 22 24 25 
28 17 7 17 1 3 5 6 8 11 12 13 16 17 20 21 22 23 24 25 27 
29 18 15 16 4 5 7 9 12 13 14 17 18 19 20 21 22 24 25 28 
30 19 11 17 3 4 5 6 8 12 14 15 16 17 19 20 21 25 26 27 29 
31 19 16 19 1 6 7 10 11 12 14 16 17 18 19 20 21 23 25 26 27 28 29 
32 20 5 21 1 3 4 5 7 8 9 11 16 17 20 21 23 24 25 26 27 28 29 30 31 
33 21 6 24 1 2 3 4 6 7 9 10 11 13 14 16 18 19 20 23 24 25 26 27 28 29 30 32 
34 20 8 20 1 2 4 5 6 7 8 9 11 12 14 15 16 19 20 25 26 28 29 30 
35 21 5 27 1 2 3 4 5 6 7 11 14 15 16 17 18 19 20 21 22 23 24 25 26 27 28 29 30 31 32 
36 22 11 22 1 2 5 7 10 12 13 14 15 17 18 19 20 21 22 24 25 28 30 33 34 35 
37 22 10 22 1 2 3 4 7 8 11 13 15 16 17 18 21 22 24 26 27 28 31 32 34 35 
38 23 7 25 1 2 3 6 7 8 10 11 12 14 15 22 24 25 26 27 28 29 30 32 33 34 35 36 37 
39 24 12 23 2 3 4 8 9 10 11 12 13 15 16 20 21 23 25 28 29 31 32 33 36 37 38 
40 24 9 20 1 3 5 6 7 8 9 10 12 13 17 18 20 21 24 27 28 34 37 38 
41 25 3 19 5 9 10 11 13 16 17 18 20 22 24 25 29 30 31 35 37 38 39 
42 26 6 22 1 2 5 9 10 11 12 13 14 16 18 20 21 23 33 34 35 36 37 38 40 41 
43 27 4 30 3 4 5 6 7 9 10 12 13 16 17 19 20 21 22 23 25 26 29 30 31 32 34 35 36 37 38 39 40 42 
44 28 10 22 2 7 8 11 13 15 17 19 21 24 26 27 28 31 34 35 36 37 38 40 41 43 
45 29 10 23 2 3 5 10 11 12 16 17 18 20 22 25 26 27 30 31 34 35 40 41 42 43 44 
46 29 6 31 1 2 4 5 8 9 11 12 13 14 15 18 19 20 22 23 24 25 27 29 30 31 34 35 36 37 38 40 41 42 44 
47 28 7 25 1 2 7 9 10 11 13 14 15 16 17 20 22 26 27 28 30 31 33 34 35 36 41 42 43 
48 29 9 24 1 5 6 8 9 12 16 17 18 19 20 23 25 26 31 34 36 37 38 39 40 42 44 47 
49 30 6 30 1 3 4 5 6 7 8 9 11 13 14 17 18 20 22 23 24 26 27 30 31 34 35 37 38 41 42 46 47 48 
50 31 5 25 1 3 5 9 10 14 16 17 19 20 24 27 30 31 32 35 37 38 39 41 42 44 45 48 49 
