50 20
1 0 14 0 
2 1 10 1 1 
3 1 3 1 1 
4 2 9 1 3 
5 0 27 0 
6 1 1 1 1 
7 3 14 3 1 4 6 
8 0 42 0 
9 4 2 1 7 
10 5 10 3 2 8 9 
11 0 25 0 
12 4 34 2 6 7 
13 6 1 2 5 10 
14 0 4 0 
15 6 7 1 10 
16 7 10 4 1 9 12 13 
17 5 45 4 5 7 8 12 
18 7 9 4 3 9 12 15 
19 7 26 3 1 9 13 
20 8 4 5 8 11 12 18 19 
21 8 7 5 2 11 13 16 19 
22 6 7 5 4 6 10 12 14 
23 9 6 7 2 3 5 17 19 20 22 
24 9 3 5 1 5 6 14 21 
25 10 7 8 6 7 8 9 17 21 22 24 
26 8 16 3 3 4 19 
27 11 15 5 10 14 22 23 25 
28 12 7 3 7 10 27 
29 9 3 4 15 18 19 26 
30 8 9 2 14 16 
31 10 7 4 1 2 4 23 
32 8 24 7 7 8 11 12 14 15 19 
33 11 4 6 3 15 22 24 25 29 
34 9 2 9 4 6 7 8 9 14 17 26 32 
35 10 2 3 29 30 34 
36 12 3 5 13 22 26 32 33 
37 11 5 3 16 20 31 
38 12 4 9 2 4 5 8 17 21 27 34 37 
39 12 3 7 7 8 13 17 21 32 33 
40 13 20 10 5 9 10 14 26 29 31 32 33 39 
41 12 12 3 15 18 27 
42 14 1 7 11 12 14 19 25 35 40 
43 12 4 8 4 5 12 13 14 24 27 31 
44 13 4 4 2 16 34 39 
45 13 2 7 7 9 14 19 20 35 43 
46 13 10 8 2 13 18 23 29 35 37 41 
47 13 5 5 3 15 19 35 39 
48 13 5 6 15 24 28 29 41 43 
49 14 10 9 4 21 30 32 34 35 36 39 48 
50 15 20 8 1 3 10 23 37 40 46 49 
