50 20
1 0 9 0 
2 0 4 0 
3 0 9 0 
4 0 9 0 
5 0 9 0 
6 0 8 0 
7 0 3 0 
8 0 17 0 
9 1 7 2 4 7 
10 1 20 2 4 6 
11 1 9 2 3 4 
12 1 3 2 4 5 
13 1 3 4 1 3 6 7 
14 1 11 2 3 4 
15 1 2 3 2 6 8 
16 2 5 6 1 5 7 9 13 14 
17 2 4 5 2 6 9 10 14 
18 2 10 4 2 9 10 14 
19 2 2 7 2 4 6 8 9 11 14 
20 2 9 5 1 2 3 11 12 
21 2 4 3 1 7 13 
22 1 16 3 3 4 7 
23 2 10 7 1 2 5 7 8 9 10 
24 3 12 7 4 5 7 8 12 15 18 
25 3 4 6 1 11 16 19 20 21 
26 3 19 8 1 2 3 5 7 9 11 19 
27 3 1 6 4 6 15 16 17 18 
28 3 15 7 2 8 10 14 15 16 19 
29 3 8 9 3 8 10 11 16 17 18 20 23 
30 3 7 7 1 4 7 9 12 18 20 
31 3 5 3 3 5 19 
32 3 4 10 4 5 6 7 8 10 14 19 20 21 
33 3 10 7 6 8 9 12 13 19 22 
34 3 8 11 2 3 6 8 9 13 14 16 18 20 21 
35 3 8 5 4 8 11 15 17 
36 4 3 15 1 2 3 5 11 12 15 16 19 20 21 24 25 27 31 
37 4 20 7 3 6 13 18 23 26 29 
38 4 16 10 7 9 15 17 22 23 25 27 31 35 
39 4 18 8 4 5 12 14 29 32 33 34 
40 4 10 13 2 3 4 8 9 10 11 12 20 21 22 29 33 
41 4 9 12 6 9 11 15 17 24 25 27 29 30 34 35 
42 4 5 16 2 5 6 8 9 10 14 16 20 21 27 28 29 30 32 33 
43 4 6 12 1 3 6 8 15 18 19 21 22 23 26 29 
44 4 8 10 3 9 12 13 18 20 21 25 34 35 
45 4 10 11 1 6 7 9 11 12 20 21 27 33 34 
46 4 9 11 1 3 4 9 11 17 19 20 24 28 32 
47 4 9 14 3 4 5 7 8 9 10 13 20 28 30 31 34 35 
48 4 5 6 1 3 4 17 22 25 
49 4 6 12 1 6 7 14 18 19 22 23 27 28 30 32 
50 4 10 10 2 5 7 10 11 17 19 23 31 33 
