50 20
1 0 2 0 
2 0 5 0 
3 0 3 0 
4 0 9 0 
5 0 2 0 
6 0 1 0 
7 0 5 0 
8 0 1 0 
9 0 1 0 
10 0 20 0 
11 0 3 0 
12 1 6 1 3 
13 1 6 2 3 11 
14 0 1 0 
15 0 6 0 
16 1 4 1 3 
17 1 3 1 6 
18 1 10 1 9 
19 2 11 2 12 15 
20 0 11 0 
21 1 1 1 14 
22 2 2 3 1 13 15 
23 0 2 0 
24 2 7 2 12 18 
25 1 2 1 4 
26 2 15 2 13 18 
27 0 3 0 
28 0 1 0 
29 3 12 1 22 
30 2 16 1 17 
31 0 5 0 
32 2 5 2 5 21 
33 1 7 1 20 
34 1 2 2 4 6 
35 2 3 2 4 16 
36 2 1 1 12 
37 1 2 1 27 
38 3 6 2 1 26 
39 2 8 2 12 17 
40 1 9 1 10 
41 0 17 0 
42 1 5 2 4 8 
43 1 8 1 5 
44 1 8 1 3 
45 4 7 4 3 22 24 29 
46 1 2 1 3 
47 2 2 2 23 25 
48 0 3 0 
49 1 25 2 4 10 
50 0 3 0 
