50 20
1 0 6 0 
2 0 6 0 
3 0 4 0 
4 0 4 0 
5 0 7 0 
6 0 5 0 
7 0 6 0 
8 0 5 0 
9 0 5 0 
10 0 6 0 
11 0 5 0 
12 0 7 0 
13 1 6 1 8 
14 1 4 1 2 
15 0 6 0 
16 1 5 1 7 
17 0 6 0 
18 0 6 0 
19 0 5 0 
20 0 7 0 
21 2 6 2 14 18 
22 1 6 1 5 
23 0 6 0 
24 1 6 3 10 11 18 
25 0 5 0 
26 0 6 0 
27 1 6 2 17 18 
28 1 7 1 17 
29 1 5 1 7 
30 0 5 0 
31 0 5 0 
32 2 5 4 7 13 14 16 
33 1 6 5 1 3 4 9 15 
34 2 6 1 14 
35 2 4 4 4 5 6 13 
36 3 5 4 14 16 30 32 
37 2 6 4 15 18 20 27 
38 2 4 5 3 6 7 16 23 
39 1 6 2 2 23 
40 1 5 4 9 18 30 31 
41 3 7 2 30 32 
42 2 5 3 3 19 33 
43 1 7 2 18 26 
44 2 5 2 22 28 
45 3 6 2 23 32 
46 2 4 1 14 
47 3 4 3 6 29 34 
48 3 6 4 20 28 37 44 
49 2 6 9 7 11 14 17 20 22 29 31 40 
50 2 7 5 1 17 29 33 39 
