50 20
1 0 5 0 
2 0 11 0 
3 0 15 0 
4 0 7 0 
5 0 12 0 
6 0 15 0 
7 0 6 0 
8 0 6 0 
9 0 4 0 
10 0 12 0 
11 0 6 0 
12 0 15 0 
13 0 16 0 
14 1 8 9 1 2 3 4 6 7 9 11 12 
15 1 13 7 2 4 5 6 8 11 12 
16 1 6 7 1 2 3 5 10 12 13 
17 1 8 9 1 2 5 6 7 9 10 11 12 
18 1 12 7 1 6 7 9 11 12 13 
19 1 15 9 1 3 4 5 6 9 11 12 13 
20 1 6 9 2 3 4 6 7 9 10 11 13 
21 1 6 6 2 6 7 8 10 13 
22 1 5 7 3 5 7 8 10 11 12 
23 1 8 7 1 3 4 6 7 11 12 
24 2 5 17 1 3 4 6 8 9 10 12 13 14 15 16 19 20 21 22 23 
25 2 5 15 2 3 4 5 6 9 11 13 14 16 17 18 19 20 22 
26 2 7 10 3 4 6 7 8 10 12 13 20 23 
27 2 15 12 1 2 3 5 10 11 14 16 17 18 20 22 
28 2 7 15 2 4 5 7 8 9 12 14 17 18 19 20 21 22 23 
29 2 9 12 1 2 3 5 7 8 13 14 18 19 21 22 
30 2 8 14 2 3 4 5 6 7 8 12 13 14 15 16 17 19 
31 2 4 13 1 2 5 8 9 11 12 15 16 17 18 21 23 
32 2 4 11 2 3 4 6 9 10 14 16 17 19 21 
33 2 10 8 3 6 9 12 13 15 20 23 
34 3 8 19 1 2 3 9 10 11 13 16 18 19 22 23 24 26 27 28 31 32 33 
35 3 8 17 1 4 6 7 8 9 13 14 16 18 19 20 26 29 30 31 33 
36 3 6 20 1 3 4 6 8 9 12 13 15 16 17 18 19 20 23 26 27 28 30 32 
37 3 15 15 1 3 5 7 10 12 13 20 22 24 26 30 31 32 33 
38 3 7 19 1 2 3 4 5 6 7 10 13 14 20 22 23 26 27 28 29 31 32 
39 3 13 16 1 2 3 9 12 15 17 21 22 24 25 26 27 31 32 33 
40 3 12 15 1 5 8 9 14 15 18 20 24 26 27 28 29 30 33 
41 3 5 19 1 5 6 7 8 12 13 15 16 18 19 23 24 26 27 28 29 31 32 
42 4 11 25 2 3 4 6 7 9 11 13 14 17 18 19 21 22 23 24 29 30 32 35 36 37 38 39 41 
43 4 5 16 2 4 8 10 12 14 21 22 25 26 29 32 33 36 38 41 
44 4 7 20 2 3 4 7 8 12 13 15 20 23 25 26 28 31 32 36 38 39 40 41 
45 4 14 25 2 4 6 10 11 14 15 17 18 19 20 25 26 27 30 31 32 33 34 35 36 37 39 40 41 
46 4 13 22 1 2 3 6 9 11 15 16 18 19 20 22 23 26 27 30 34 36 37 38 39 41 
47 4 9 25 1 4 6 8 9 11 12 13 14 17 18 19 20 21 22 25 26 32 33 34 35 37 38 40 41 
48 4 5 19 2 6 7 9 10 12 13 16 18 19 20 21 25 30 32 33 35 37 38 
49 4 5 22 1 2 4 5 8 10 13 15 16 17 21 24 25 26 27 31 35 36 37 38 40 41 
50 4 12 24 1 2 3 5 8 9 11 12 14 15 16 17 18 19 20 21 23 25 26 31 32 34 35 38 
