50 20
1 0 14 0 
2 0 16 0 
3 0 16 0 
4 0 18 0 
5 0 12 0 
6 1 17 1 3 
7 1 9 1 1 
8 0 19 0 
9 1 2 2 3 4 
10 1 6 1 5 
11 2 2 2 7 9 
12 2 17 2 4 10 
13 2 3 4 1 3 8 9 
14 0 19 0 
15 2 3 5 3 6 7 9 10 
16 0 11 0 
17 3 19 5 7 8 9 11 14 
18 1 11 1 2 
19 4 6 3 4 14 17 
20 4 7 2 7 17 
21 2 12 1 7 
22 2 6 2 2 6 
23 3 5 3 5 9 21 
24 5 3 3 13 19 23 
25 3 5 3 5 15 22 
26 5 4 2 19 21 
27 1 6 1 14 
28 6 9 3 24 25 27 
29 3 18 2 5 15 
30 7 13 3 3 18 28 
31 7 3 2 19 28 
32 4 17 3 13 15 17 
33 6 9 4 7 17 20 26 
34 4 15 3 2 17 18 
35 3 14 2 3 21 
36 8 3 6 6 10 16 17 25 31 
37 8 17 5 1 3 21 24 30 
38 9 14 6 13 15 24 27 32 37 
39 6 7 5 9 14 22 24 32 
40 7 10 4 2 5 35 39 
41 3 13 2 12 16 
42 9 16 3 27 29 37 
43 8 12 6 13 18 23 26 30 34 
44 5 10 5 2 5 12 18 19 
45 8 7 5 3 5 17 26 31 
46 10 5 6 2 22 27 30 38 44 
47 10 13 7 6 7 13 15 32 38 42 
48 10 18 3 12 17 42 
49 9 12 9 2 10 12 14 19 24 32 40 43 
50 7 2 5 9 16 18 28 29 
