50 20
1 0 13 0 
2 0 2 0 
3 0 8 0 
4 0 3 0 
5 0 20 0 
6 0 1 0 
7 0 6 0 
8 0 23 0 
9 0 7 0 
10 0 3 0 
11 0 16 0 
12 0 2 0 
13 1 8 7 2 3 4 8 10 11 12 
14 1 4 7 3 4 5 7 8 10 12 
15 1 32 7 1 3 4 5 6 8 9 
16 1 3 6 1 3 4 6 7 9 
17 1 4 10 3 4 5 6 7 8 9 10 11 12 
18 1 4 10 1 2 3 4 5 8 9 10 11 12 
19 1 7 10 1 2 3 4 5 7 8 9 11 12 
20 1 6 10 1 2 3 5 6 7 8 10 11 12 
21 1 1 10 1 2 3 4 6 8 9 10 11 12 
22 2 9 12 2 5 6 9 14 15 16 17 18 19 20 21 
23 2 1 14 2 3 6 7 8 9 10 12 14 15 16 17 20 21 
24 2 10 18 1 2 3 4 5 6 7 9 10 11 12 13 14 16 17 19 20 21 
25 2 28 14 1 2 3 4 5 6 7 10 13 16 17 18 20 21 
26 2 13 12 3 4 5 7 12 13 16 17 18 19 20 21 
27 2 2 13 1 2 3 4 6 10 11 12 14 16 18 20 21 
28 2 47 20 1 2 3 4 5 6 7 8 9 10 11 12 13 14 15 17 18 19 20 21 
29 3 5 20 1 2 4 6 7 9 11 12 13 14 15 16 18 19 20 22 24 25 26 28 
30 3 9 20 1 2 3 4 5 6 7 9 10 14 15 18 19 20 21 22 23 24 26 27 
31 3 9 21 1 2 5 6 7 8 9 11 12 13 14 15 16 17 18 19 23 24 26 27 28 
32 3 2 17 1 5 7 8 9 12 13 14 18 19 20 22 23 24 25 26 27 
33 3 1 20 1 4 6 7 8 10 11 12 14 15 16 17 18 19 20 21 22 23 26 28 
34 3 13 20 1 2 4 6 7 8 9 10 11 13 14 16 17 18 20 22 23 25 27 28 
35 3 18 21 1 2 3 5 6 7 8 11 12 13 14 16 17 19 20 21 22 23 26 27 28 
36 3 11 13 3 5 9 10 17 18 19 21 22 23 24 26 28 
37 3 3 19 1 3 4 5 6 7 8 11 12 13 14 15 16 19 21 22 24 25 28 
38 4 3 20 10 12 13 14 15 16 17 18 20 21 23 25 27 28 29 30 32 33 34 35 
39 4 30 24 1 2 4 7 8 10 11 16 17 18 19 21 22 23 24 26 28 30 31 32 33 34 35 36 
40 4 29 28 1 2 3 4 5 6 7 8 9 10 12 14 16 18 19 23 24 26 27 28 29 30 32 33 34 35 36 37 
41 4 17 28 1 2 3 4 5 6 7 9 10 11 12 13 15 16 18 20 21 22 24 25 26 27 30 33 34 35 36 37 
42 4 8 28 1 2 3 4 5 6 7 8 9 10 11 12 13 15 16 18 19 20 21 23 25 26 27 29 30 32 33 35 
43 4 13 23 1 2 4 5 6 7 10 11 13 15 18 19 21 22 24 27 28 29 30 32 33 34 35 
44 4 3 28 2 3 5 6 7 9 12 13 14 16 18 19 20 21 22 23 25 26 27 28 29 30 31 32 33 35 36 37 
45 4 18 24 3 4 5 9 11 12 13 14 15 16 19 20 21 22 23 24 26 28 30 31 32 35 36 37 
46 4 1 28 4 5 6 7 8 9 11 12 13 14 15 16 17 19 20 21 22 24 25 26 29 30 31 32 33 34 36 37 
47 4 2 22 1 3 4 6 9 10 11 13 14 15 18 21 22 26 27 28 29 30 31 32 36 37 
48 4 2 25 3 6 7 8 10 12 13 14 15 16 17 18 21 22 23 24 25 26 28 29 32 34 35 36 37 
49 4 2 23 1 2 4 5 6 8 11 12 13 15 16 19 20 21 24 25 27 30 31 32 34 35 37 
50 4 3 28 1 2 3 5 6 7 8 10 11 12 13 14 15 18 19 21 22 23 24 25 27 28 30 31 32 35 36 37 
