50 20
1 0 4 0 
2 0 6 0 
3 0 16 0 
4 0 9 0 
5 0 12 0 
6 0 6 0 
7 0 6 0 
8 0 11 0 
9 0 6 0 
10 0 9 0 
11 0 5 0 
12 1 5 1 4 
13 0 15 0 
14 0 8 0 
15 1 10 2 3 6 
16 0 7 0 
17 1 8 1 5 
18 0 14 0 
19 1 7 1 2 
20 1 6 3 2 13 14 
21 1 7 2 1 18 
22 1 12 2 1 18 
23 1 13 1 3 
24 2 7 2 16 17 
25 1 7 2 6 11 
26 1 4 1 4 
27 2 6 1 17 
28 3 5 2 21 27 
29 1 9 1 6 
30 1 17 3 2 7 10 
31 2 10 1 23 
32 3 6 3 4 20 27 
33 2 7 4 1 4 9 21 
34 1 7 2 2 6 
35 1 4 2 9 11 
36 2 7 2 9 22 
37 3 6 3 6 8 24 
38 1 7 1 10 
39 2 6 5 2 3 9 20 21 
40 4 5 7 3 13 22 25 29 37 39 
41 4 5 7 9 12 17 21 27 29 37 
42 3 6 3 1 27 39 
43 2 6 3 5 13 34 
44 2 6 4 1 12 13 21 
45 3 10 5 21 30 31 35 36 
46 1 8 1 9 
47 2 11 2 20 26 
48 3 5 4 5 23 25 27 
49 4 7 3 27 28 38 
50 3 7 4 9 13 33 34 
