50 20
1 0 2 0 
2 0 2 0 
3 0 1 0 
4 0 10 0 
5 0 4 0 
6 0 6 0 
7 1 1 1 2 
8 0 7 0 
9 0 8 0 
10 1 3 2 8 9 
11 1 5 2 2 4 
12 1 6 1 3 
13 0 1 0 
14 0 4 0 
15 2 19 1 12 
16 2 9 2 7 8 
17 0 11 0 
18 0 1 0 
19 0 1 0 
20 1 2 2 4 5 
21 0 2 0 
22 1 1 1 9 
23 2 4 2 4 12 
24 0 5 0 
25 3 2 2 22 23 
26 1 1 5 6 8 17 18 24 
27 2 5 1 7 
28 3 4 3 16 18 27 
29 2 2 2 11 12 
30 2 13 3 4 7 9 
31 1 4 1 9 
32 0 6 0 
33 3 3 5 10 15 21 27 31 
34 3 1 5 3 8 9 16 21 
35 4 1 3 6 17 28 
36 3 2 3 7 8 23 
37 3 5 5 15 22 29 31 32 
38 3 1 4 11 21 23 31 
39 3 2 8 6 10 15 17 18 19 31 32 
40 3 1 4 18 22 29 31 
41 3 1 1 29 
42 4 10 2 20 37 
43 4 2 7 4 8 21 22 27 39 41 
44 5 2 3 25 28 42 
45 2 2 1 31 
46 5 2 2 15 42 
47 5 7 1 35 
48 4 10 6 4 5 6 8 13 34 
49 4 1 4 4 13 24 36 
50 3 5 3 7 12 16 
