50 20
1 0 13 0 
2 0 18 0 
3 0 12 0 
4 0 13 0 
5 1 13 1 1 
6 2 7 1 5 
7 3 20 2 4 6 
8 1 12 1 3 
9 3 19 1 6 
10 1 19 1 4 
11 1 15 1 4 
12 2 6 1 11 
13 4 7 2 6 7 
14 4 6 4 2 7 11 12 
15 1 5 2 1 2 
16 4 19 1 9 
17 5 16 1 14 
18 4 1 4 5 8 9 10 
19 5 13 5 3 8 9 11 16 
20 5 19 2 7 16 
21 6 9 5 10 14 16 17 19 
22 7 12 7 5 6 10 13 16 19 21 
23 6 20 4 15 18 19 20 
24 6 17 4 2 11 19 20 
25 8 14 4 1 11 18 22 
26 2 11 3 1 10 15 
27 4 3 3 7 15 26 
28 7 9 9 1 2 4 6 12 16 23 26 27 
29 6 1 7 2 4 13 17 19 26 27 
30 9 3 8 1 3 7 10 14 15 25 29 
31 7 15 3 6 18 21 
32 7 6 3 12 20 29 
33 3 5 4 1 4 10 12 
34 9 12 5 6 10 25 26 27 
35 5 10 4 4 10 18 26 
36 8 11 9 5 8 10 17 19 20 26 32 33 
37 7 4 4 4 8 24 27 
38 10 10 6 4 5 11 16 18 34 
39 8 19 2 1 32 
40 8 1 7 16 17 18 19 28 35 37 
41 10 8 7 6 9 10 21 22 28 30 
42 8 9 12 2 4 6 10 14 15 22 27 28 32 33 37 
43 8 8 8 1 7 11 12 18 28 32 37 
44 9 6 7 3 5 7 17 26 28 42 
45 10 19 5 11 27 31 34 39 
46 11 14 9 3 10 18 22 29 34 35 39 45 
47 12 19 4 3 26 28 46 
48 9 12 7 9 13 18 20 24 39 43 
49 11 6 9 5 6 11 16 23 25 37 38 44 
50 10 15 7 14 21 30 32 37 40 48 
