50 20
1 0 5 0 
2 0 7 0 
3 1 5 1 2 
4 0 6 0 
5 0 4 0 
6 2 5 1 3 
7 0 6 0 
8 1 6 1 1 
9 2 5 2 2 3 
10 0 7 0 
11 2 5 1 3 
12 0 5 0 
13 3 7 2 5 6 
14 1 4 2 4 7 
15 3 6 5 2 3 4 6 9 
16 4 4 5 1 2 11 12 13 
17 5 4 3 8 9 16 
18 3 5 2 6 12 
19 6 6 5 11 12 13 14 17 
20 3 7 3 4 8 9 
21 4 4 4 9 12 18 20 
22 3 7 4 6 8 11 14 
23 3 5 5 3 6 8 9 12 
24 2 6 2 2 8 
25 3 3 3 7 11 12 
26 4 6 7 2 3 10 13 18 20 24 
27 4 5 4 2 7 20 24 
28 6 5 2 15 17 
29 5 6 4 7 13 16 27 
30 5 6 3 18 23 26 
31 6 7 4 4 11 17 24 
32 5 6 3 13 21 22 
33 7 8 3 18 22 28 
34 6 6 10 1 3 4 5 6 8 9 16 24 29 
35 7 6 6 4 5 7 11 16 34 
36 8 7 9 2 4 13 16 18 26 31 34 35 
37 7 5 5 15 18 20 32 34 
38 8 7 5 2 3 12 25 35 
39 9 5 10 7 10 12 16 20 26 29 35 36 38 
40 8 5 6 7 8 27 28 29 35 
41 10 6 11 4 7 8 9 11 13 15 20 26 33 39 
42 11 4 9 1 9 14 17 20 24 29 38 41 
43 6 5 6 6 8 17 21 22 32 
44 10 6 6 2 5 6 11 30 39 
45 12 6 11 4 14 17 24 29 31 32 40 42 43 44 
46 10 5 8 8 11 18 19 20 23 27 39 
47 12 6 9 3 9 15 16 17 24 33 42 43 
48 13 5 7 5 24 35 38 43 44 45 
49 9 5 8 2 3 4 5 22 33 35 38 
50 9 5 12 5 9 12 15 20 23 24 25 28 37 40 43 
