50 20
1 0 6 0 
2 0 7 0 
3 0 7 0 
4 0 5 0 
5 0 8 0 
6 1 3 1 5 
7 0 7 0 
8 1 6 1 1 
9 0 5 0 
10 2 7 2 3 8 
11 1 5 1 7 
12 1 7 1 2 
13 3 5 3 8 10 12 
14 2 6 2 6 11 
15 1 5 1 9 
16 1 6 1 4 
17 0 6 0 
18 0 6 0 
19 2 4 2 6 18 
20 1 6 1 3 
21 2 5 1 8 
22 3 5 4 2 10 12 21 
23 2 6 1 6 
24 4 6 2 13 20 
25 5 5 3 17 22 24 
26 1 4 1 17 
27 4 5 4 6 11 13 16 
28 5 5 2 1 27 
29 4 5 4 1 9 10 22 
30 2 6 3 1 7 8 
31 5 4 5 9 20 22 26 29 
32 6 5 1 28 
33 2 5 1 6 
34 5 6 3 12 17 27 
35 5 4 4 10 23 26 27 
36 4 8 4 2 5 13 16 
37 5 5 2 20 27 
38 3 5 2 8 21 
39 7 6 6 5 17 23 26 32 34 
40 5 5 3 7 24 27 
41 4 6 4 9 17 22 23 
42 5 6 6 17 24 26 30 33 41 
43 6 4 6 2 6 12 24 27 34 
44 6 5 5 13 17 24 33 40 
45 4 5 4 2 3 4 13 
46 6 6 4 19 30 31 33 
47 6 5 3 4 11 37 
48 3 6 1 10 
49 7 5 6 3 11 20 36 46 48 
50 7 5 4 25 38 47 48 
