50 20
1 0 14 0 
2 0 8 0 
3 1 10 1 1 
4 1 11 1 1 
5 1 9 1 1 
6 0 10 0 
7 1 9 1 2 
8 0 10 0 
9 2 9 2 2 4 
10 0 10 0 
11 0 10 0 
12 0 13 0 
13 2 10 4 1 2 4 11 
14 1 6 2 6 10 
15 2 11 1 14 
16 0 20 0 
17 3 10 2 14 15 
18 1 14 1 2 
19 2 11 1 3 
20 2 10 4 2 3 5 7 
21 4 12 4 3 8 10 17 
22 1 10 2 2 16 
23 3 14 5 6 10 12 14 19 
24 4 10 4 1 5 17 18 
25 2 13 2 8 18 
26 2 7 2 8 18 
27 2 17 4 1 5 10 16 
28 3 14 3 5 7 13 
29 5 7 3 1 16 24 
30 3 10 1 13 
31 3 13 5 1 2 3 7 26 
32 3 11 2 11 13 
33 3 10 5 3 6 10 25 27 
34 6 13 5 6 8 15 25 29 
35 0 11 0 
36 3 12 2 4 26 
37 4 11 3 11 31 33 
38 3 8 3 8 20 22 
39 4 17 7 4 10 26 30 33 36 38 
40 4 7 2 4 23 
41 7 14 3 8 28 34 
42 8 9 11 1 3 25 27 28 32 34 37 38 40 41 
43 5 14 4 23 24 28 39 
44 9 16 5 4 10 35 38 42 
45 2 9 1 4 
46 4 11 4 11 18 28 30 
47 3 10 4 3 8 16 19 
48 9 14 6 1 7 8 30 41 42 
49 5 13 5 9 11 14 38 39 
50 6 15 7 18 27 32 35 36 43 49 
