50 20
1 0 8 0 
2 0 15 0 
3 0 22 0 
4 0 1 0 
5 0 2 0 
6 1 1 1 2 
7 0 17 0 
8 0 4 0 
9 0 18 0 
10 1 27 1 1 
11 0 3 0 
12 1 22 1 5 
13 0 7 0 
14 1 1 1 5 
15 1 13 3 2 8 11 
16 1 5 1 7 
17 1 11 4 1 2 5 9 
18 2 10 1 12 
19 2 11 2 1 12 
20 1 7 2 2 4 
21 1 2 1 7 
22 1 1 1 1 
23 2 28 4 1 7 12 14 
24 2 12 3 3 12 16 
25 2 5 2 16 22 
26 2 7 2 2 21 
27 1 6 1 8 
28 2 6 2 2 27 
29 3 9 2 7 23 
30 2 10 2 9 15 
31 2 13 2 1 22 
32 1 17 1 1 
33 3 20 5 12 14 17 25 32 
34 4 13 3 4 26 33 
35 2 12 2 13 16 
36 3 1 1 28 
37 4 1 1 36 
38 1 25 2 1 7 
39 0 6 0 
40 2 36 2 8 12 
41 4 2 4 6 22 36 40 
42 4 4 4 9 18 29 31 
43 3 26 2 24 28 
44 1 19 3 2 9 11 
45 5 3 3 17 20 37 
46 6 9 4 17 22 32 45 
47 2 1 3 13 16 38 
48 3 16 2 18 24 
49 4 52 4 16 25 32 48 
50 5 2 6 24 32 33 40 41 42 
