50 20
1 0 6 0 
2 0 6 0 
3 0 5 0 
4 1 5 2 2 3 
5 0 4 0 
6 0 6 0 
7 1 5 4 1 2 5 6 
8 1 6 1 5 
9 0 6 0 
10 1 5 1 3 
11 2 7 3 1 7 10 
12 2 6 3 1 4 5 
13 3 5 3 7 10 12 
14 2 4 3 1 2 10 
15 0 7 0 
16 1 6 2 5 6 
17 4 6 4 5 7 8 13 
18 3 4 3 2 7 12 
19 2 5 4 5 9 15 16 
20 2 8 3 6 8 15 
21 4 6 4 8 13 18 19 
22 2 6 4 4 6 7 8 
23 5 7 6 5 10 19 20 21 22 
24 2 5 4 2 7 9 10 
25 5 6 3 10 21 22 
26 4 5 5 1 11 14 16 18 
27 5 4 4 14 16 19 21 
28 6 7 5 6 11 18 24 27 
29 5 6 5 1 5 15 17 20 
30 3 7 4 5 11 15 24 
31 7 7 11 5 6 15 17 20 21 24 26 27 28 29 
32 8 5 13 2 5 7 8 10 12 13 15 16 18 27 30 31 
33 5 6 7 1 2 14 15 17 19 26 
34 6 6 9 1 3 5 9 10 11 17 22 29 
35 8 6 6 4 9 13 17 30 31 
36 6 6 5 1 6 10 12 27 
37 8 7 9 2 9 10 14 21 22 27 29 31 
38 9 6 5 3 25 30 33 37 
39 9 6 11 2 4 10 14 16 22 27 28 29 32 34 
40 7 6 10 1 8 9 15 16 21 28 29 33 36 
41 10 4 8 4 5 7 14 16 25 37 38 
42 10 4 11 2 3 6 10 12 15 17 18 25 29 39 
43 9 4 5 2 23 24 25 32 
44 11 4 11 2 3 17 20 23 24 32 35 36 41 42 
45 11 5 6 1 2 8 18 27 41 
46 9 5 5 2 3 25 34 37 
47 12 6 9 4 6 15 21 23 37 38 41 45 
48 10 5 4 14 27 34 39 
49 11 4 12 7 8 9 11 13 15 22 24 27 32 34 48 
50 10 5 12 4 6 12 14 15 19 21 23 27 31 32 39 
