50 20
1 0 5 0 
2 1 5 1 1 
3 2 5 1 2 
4 3 5 2 1 3 
5 0 5 0 
6 1 6 1 5 
7 0 6 0 
8 4 5 1 4 
9 4 6 1 4 
10 0 5 0 
11 0 5 0 
12 1 8 2 1 10 
13 1 4 1 10 
14 2 5 1 13 
15 0 4 0 
16 0 4 0 
17 0 5 0 
18 0 5 0 
19 0 6 0 
20 4 6 5 4 5 6 16 19 
21 0 5 0 
22 0 7 0 
23 0 4 0 
24 0 4 0 
25 1 6 1 22 
26 0 5 0 
27 5 6 1 20 
28 4 5 3 4 12 14 
29 5 5 5 4 6 11 20 24 
30 5 8 4 7 9 12 24 
31 0 6 0 
32 1 5 2 17 22 
33 2 7 1 2 
34 6 7 1 27 
35 5 6 4 8 15 18 32 
36 2 5 3 24 25 31 
37 3 5 4 2 3 14 16 
38 1 4 2 24 26 
39 6 4 2 20 27 
40 2 6 4 6 10 12 24 
41 6 6 2 12 35 
42 5 6 3 16 28 33 
43 2 7 2 5 25 
44 2 6 2 23 38 
45 1 6 1 18 
46 5 5 6 1 6 9 14 19 40 
47 7 3 7 1 14 16 20 23 40 41 
48 1 6 2 21 26 
49 5 6 4 6 9 12 48 
50 6 4 5 9 11 13 36 46 
