50 20
1 0 14 0 
2 0 16 0 
3 0 12 0 
4 0 5 0 
5 0 10 0 
6 0 1 0 
7 0 4 0 
8 0 8 0 
9 1 3 1 2 
10 0 15 0 
11 1 5 2 4 5 
12 1 2 1 7 
13 1 1 2 2 8 
14 1 1 1 8 
15 1 10 1 7 
16 1 4 2 2 3 
17 1 1 1 2 
18 1 11 1 4 
19 2 4 5 4 7 8 11 13 
20 2 8 3 1 13 17 
21 2 1 2 7 11 
22 2 17 5 1 5 11 13 16 
23 2 6 1 15 
24 2 17 4 6 7 10 15 
25 2 10 4 4 6 8 17 
26 2 4 3 6 8 15 
27 2 18 4 3 6 8 12 
28 2 1 3 3 4 18 
29 0 19 0 
30 2 20 3 4 12 15 
31 3 7 11 5 6 11 12 18 20 23 24 25 27 29 
32 3 4 3 5 6 19 
33 3 13 8 5 7 9 11 13 14 25 30 
34 3 1 3 23 24 29 
35 3 5 7 3 4 14 18 19 22 27 
36 3 1 6 13 16 19 23 25 29 
37 3 10 5 6 8 15 19 26 
38 3 15 7 3 7 8 14 17 23 30 
39 3 6 5 9 16 24 26 27 
40 3 5 7 5 6 13 15 18 19 29 
41 4 4 6 5 16 18 20 21 33 
42 4 20 8 8 13 14 15 28 32 34 37 
43 4 9 7 1 3 4 12 32 34 37 
44 4 19 9 1 4 9 14 22 24 28 36 39 
45 4 2 10 13 15 19 25 27 28 31 33 34 35 
46 4 4 10 2 8 10 15 20 23 25 30 32 39 
47 3 19 4 16 19 22 24 
48 4 9 5 10 18 23 25 37 
49 4 9 7 5 10 12 14 15 30 34 
50 3 1 5 1 7 24 26 27 
