50 20
1 0 14 0 
2 0 13 0 
3 0 12 0 
4 1 13 1 2 
5 0 11 0 
6 1 12 1 5 
7 2 14 1 6 
8 0 10 0 
9 0 16 0 
10 2 14 2 5 6 
11 2 15 1 6 
12 3 7 1 7 
13 1 6 1 5 
14 3 10 1 11 
15 1 12 1 5 
16 1 15 3 2 5 8 
17 4 11 6 1 6 9 10 13 14 
18 2 8 5 1 3 6 8 13 
19 4 8 5 3 4 9 11 12 
20 3 11 5 5 6 11 13 18 
21 5 10 7 1 4 10 14 15 19 20 
22 2 9 4 5 6 8 9 
23 6 16 7 5 9 15 19 20 21 22 
24 5 11 6 1 4 5 17 18 22 
25 3 8 7 4 5 7 10 16 18 22 
26 6 9 5 1 8 14 18 21 
27 5 10 8 2 6 10 15 17 19 20 25 
28 7 8 7 2 5 10 20 22 23 27 
29 8 8 6 1 9 11 22 25 28 
30 9 16 5 10 22 26 27 29 
31 4 13 5 3 11 12 18 25 
32 8 15 9 12 13 14 17 18 19 22 25 28 
33 8 12 8 1 4 5 11 16 23 28 31 
34 9 5 5 2 15 22 27 29 
35 10 17 6 2 4 6 9 29 34 
36 11 4 7 8 13 14 22 26 30 35 
37 9 13 2 10 33 
38 10 10 10 1 2 6 7 14 16 26 30 32 37 
39 11 11 9 7 8 10 11 22 31 32 34 35 
40 12 9 12 5 6 8 10 11 13 16 24 25 26 31 39 
41 11 12 9 3 4 5 14 18 21 25 37 38 
42 13 11 9 5 17 18 19 24 32 33 36 40 
43 11 4 10 4 5 7 8 23 29 31 33 37 38 
44 12 12 11 1 3 7 16 24 30 33 34 36 39 43 
45 12 12 8 10 11 17 22 31 33 34 43 
46 12 13 8 3 15 16 19 24 25 29 39 
47 12 10 10 1 6 7 10 21 26 33 35 36 37 
48 13 14 7 1 2 15 27 33 43 45 
49 14 9 6 14 25 27 30 35 48 
50 12 12 8 4 8 16 24 25 26 33 36 
