50 20
1 0 12 0 
2 0 16 0 
3 0 17 0 
4 0 4 0 
5 0 9 0 
6 0 13 0 
7 0 15 0 
8 0 14 0 
9 0 14 0 
10 1 7 1 9 
11 1 2 1 6 
12 1 15 1 4 
13 0 7 0 
14 1 3 1 4 
15 2 18 2 1 10 
16 1 3 1 7 
17 1 4 1 7 
18 1 1 1 7 
19 1 8 2 3 8 
20 1 5 2 1 6 
21 2 3 1 14 
22 2 21 4 1 3 13 14 
23 2 1 2 13 14 
24 1 4 1 9 
25 1 27 2 1 6 
26 2 6 1 10 
27 0 8 0 
28 0 1 0 
29 0 26 0 
30 1 6 2 1 13 
31 3 17 6 7 15 23 27 29 30 
32 3 5 2 3 21 
33 2 8 5 3 8 25 29 30 
34 3 48 6 1 11 14 15 22 28 
35 2 11 2 28 30 
36 3 26 4 2 15 21 22 
37 2 29 3 10 14 20 
38 2 10 3 4 10 16 
39 4 5 2 5 36 
40 4 11 3 8 16 31 
41 3 12 3 7 19 22 
42 4 3 5 2 8 14 29 36 
43 4 4 4 15 22 28 34 
44 3 8 3 1 11 21 
45 4 8 4 17 25 27 34 
46 3 15 6 4 10 13 15 19 28 
47 3 20 3 3 24 37 
48 4 25 5 13 18 20 30 31 
49 3 26 3 17 18 23 
50 3 16 3 3 9 15 
