50 20
1 0 6 0 
2 1 4 1 1 
3 2 4 2 1 2 
4 3 1 2 1 3 
5 2 4 1 2 
6 3 10 4 1 2 3 5 
7 4 4 4 1 2 5 6 
8 3 9 1 3 
9 4 1 3 1 4 8 
10 5 1 5 2 3 4 5 9 
11 6 3 3 5 8 10 
12 7 3 8 1 3 4 5 6 8 10 11 
13 8 10 9 1 3 4 5 6 7 8 9 12 
14 9 10 9 1 2 4 5 8 10 11 12 13 
15 10 9 6 4 6 9 11 12 14 
16 9 1 7 1 3 4 8 9 10 13 
17 10 10 6 1 2 4 5 12 16 
18 6 3 7 2 4 6 7 8 9 10 
19 11 8 10 2 4 5 7 8 9 13 14 15 16 
20 8 9 6 5 7 8 9 12 18 
21 12 10 9 3 6 7 8 9 16 17 18 19 
22 12 4 8 1 3 6 8 11 12 15 19 
23 13 10 10 1 3 5 7 11 14 15 16 20 22 
24 14 3 14 1 2 3 4 5 8 9 10 14 15 16 17 21 23 
25 13 3 8 1 2 5 6 8 13 16 21 
26 15 4 9 4 6 9 13 16 17 19 22 24 
27 15 7 15 3 4 5 6 7 9 10 11 13 15 16 17 21 24 25 
28 16 2 13 3 4 8 9 11 12 13 14 17 22 23 24 27 
29 16 8 14 5 7 11 13 14 15 17 18 20 22 23 24 25 27 
30 17 8 15 2 3 4 5 6 8 9 10 11 18 22 24 26 28 29 
31 18 4 11 1 5 8 14 16 17 18 26 27 29 30 
32 18 8 14 1 3 5 6 14 18 19 21 22 25 26 27 29 30 
33 19 3 13 3 6 7 8 9 11 17 20 22 23 25 27 32 
34 19 5 16 1 4 7 9 10 11 13 15 18 21 22 23 25 26 29 31 
35 19 10 16 1 3 5 13 14 15 18 20 21 22 23 24 27 29 30 31 
36 20 10 17 4 7 9 10 16 17 19 20 22 25 26 27 29 30 33 34 35 
37 20 4 16 2 7 10 16 17 19 22 23 26 27 28 29 32 33 34 35 
38 21 7 23 1 3 6 7 8 11 12 13 14 16 17 18 20 21 22 23 24 26 30 31 33 36 37 
39 21 9 22 1 3 4 5 7 8 9 10 11 12 14 15 17 18 21 23 25 28 31 32 34 36 
40 21 2 15 4 6 12 14 18 22 24 25 26 27 28 30 34 36 37 
41 21 10 15 3 4 5 7 12 13 16 17 20 21 22 28 31 35 37 
42 22 6 24 2 6 7 10 11 12 14 15 16 19 20 21 22 23 24 25 26 27 28 29 35 36 40 41 
43 22 2 20 1 4 8 13 14 16 19 21 22 23 24 25 30 32 33 35 36 39 40 41 
44 23 2 24 1 2 4 5 6 8 9 11 13 15 16 17 19 20 22 24 26 28 30 32 35 36 37 43 
45 24 1 17 1 4 11 13 15 16 23 28 29 30 31 32 36 39 40 42 44 
46 24 1 24 1 2 4 6 9 10 18 19 21 22 23 24 25 27 29 30 31 34 38 39 40 41 43 44 
47 25 9 19 1 5 7 13 15 17 22 24 26 27 28 30 31 33 35 38 43 44 46 
48 25 10 24 2 3 4 10 11 12 14 17 18 19 20 24 28 29 30 31 32 33 35 38 39 42 44 45 
49 26 1 25 5 7 8 10 14 15 16 17 19 21 23 24 25 30 34 35 36 37 39 41 43 44 45 47 48 
50 25 8 26 3 5 7 8 10 12 13 16 17 18 20 22 23 24 26 28 29 35 36 37 38 40 41 42 43 45 
