50 20
1 0 19 0 
2 0 20 0 
3 0 7 0 
4 0 3 0 
5 0 10 0 
6 0 17 0 
7 0 14 0 
8 0 4 0 
9 0 16 0 
10 0 5 0 
11 0 20 0 
12 0 1 0 
13 0 19 0 
14 1 18 1 4 
15 1 4 5 1 4 7 11 13 
16 1 8 7 1 2 3 5 6 10 12 
17 1 4 4 1 11 12 13 
18 1 6 5 2 4 7 8 12 
19 1 1 7 2 3 4 6 8 12 13 
20 2 19 6 1 4 8 10 15 19 
21 2 13 12 1 3 4 7 8 9 10 13 14 16 18 19 
22 2 1 10 1 3 4 7 8 11 12 13 16 19 
23 2 20 6 1 8 9 11 16 17 
24 2 1 6 3 4 14 17 18 19 
25 2 9 8 6 9 10 11 16 17 18 19 
26 3 15 12 1 2 4 7 8 10 13 15 19 20 22 23 
27 3 7 8 2 7 14 15 18 19 20 23 
28 3 15 8 1 9 10 12 16 17 19 24 
29 3 11 11 4 5 6 9 11 12 14 17 18 20 21 
30 3 6 12 2 3 4 8 10 11 13 14 15 17 18 23 
31 3 5 12 1 2 4 5 7 11 14 16 17 21 22 24 
32 3 20 11 3 4 5 6 10 12 13 15 18 19 21 
33 3 12 14 3 4 5 7 11 14 15 16 17 18 19 20 22 23 
34 3 4 9 3 5 6 8 11 12 13 19 23 
35 3 1 12 1 2 5 10 11 12 14 17 20 22 23 24 
36 3 2 11 1 2 4 5 10 11 13 14 18 19 23 
37 2 14 6 2 11 12 13 14 17 
38 2 18 8 2 5 6 7 12 14 15 16 
39 3 1 15 1 3 4 5 6 7 9 11 12 13 18 19 20 21 24 
40 3 13 13 2 4 5 6 7 11 13 14 15 16 19 20 23 
41 4 16 16 1 2 4 8 11 17 18 23 25 26 27 28 31 34 36 37 
42 4 10 15 4 5 9 10 11 22 23 29 30 32 36 37 38 39 40 
43 4 15 19 3 4 7 8 10 12 15 16 18 20 21 22 26 27 28 31 34 38 39 
44 4 12 17 1 2 8 15 16 21 22 23 26 29 30 32 33 34 35 38 40 
45 4 18 21 5 9 10 12 14 17 19 23 25 28 29 30 31 32 33 34 35 36 37 38 40 
46 4 11 18 3 5 11 13 17 18 19 20 23 24 25 27 29 32 34 35 37 39 
47 4 8 16 1 3 9 11 12 16 19 23 27 28 30 31 32 38 39 40 
48 4 6 21 6 7 9 10 12 13 14 16 17 19 20 25 26 27 29 31 33 34 35 37 38 
49 4 12 17 1 5 6 7 8 12 16 18 22 27 32 33 35 36 37 38 39 
50 4 17 21 2 3 4 6 7 12 15 16 17 22 23 24 25 26 29 31 32 33 35 36 40 
