50 20
1 0 14 0 
2 0 4 0 
3 0 1 0 
4 0 26 0 
5 0 2 0 
6 1 8 1 4 
7 0 4 0 
8 0 15 0 
9 2 1 1 6 
10 1 23 1 8 
11 1 21 1 4 
12 2 6 1 11 
13 2 39 4 2 4 6 11 
14 1 2 1 4 
15 2 8 3 7 8 10 
16 1 9 1 4 
17 1 13 1 7 
18 1 12 1 2 
19 3 2 4 7 13 16 17 
20 3 3 3 6 12 16 
21 3 2 3 9 11 18 
22 3 1 2 13 18 
23 4 3 6 4 6 10 11 14 20 
24 3 19 3 2 15 17 
25 4 1 5 2 6 10 19 22 
26 2 6 2 2 10 
27 3 3 2 6 26 
28 4 2 5 6 9 15 20 26 
29 4 25 4 13 16 21 26 
30 3 8 3 9 12 15 
31 5 3 2 8 29 
32 1 2 1 3 
33 5 8 2 22 28 
34 6 3 5 2 8 9 23 33 
35 6 14 7 11 16 20 21 29 31 32 
36 5 6 4 5 8 19 29 
37 5 1 9 1 9 10 11 13 15 22 28 30 
38 6 23 6 3 9 11 23 36 37 
39 5 1 4 5 7 23 32 
40 5 2 7 2 8 10 21 22 28 32 
41 5 6 9 2 3 7 9 14 16 28 30 32 
42 6 4 4 1 3 18 31 
43 6 6 4 13 25 32 40 
44 7 1 8 5 14 21 22 24 28 30 42 
45 7 12 6 1 7 19 27 34 43 
46 7 1 5 3 11 28 38 41 
47 7 9 6 4 7 17 31 42 43 
48 7 10 9 9 11 13 16 25 28 34 39 42 
49 8 10 8 20 22 25 32 33 36 38 47 
50 8 12 10 3 6 7 17 20 25 29 32 38 46 
