50 20
1 0 12 0 
2 0 10 0 
3 1 9 1 1 
4 0 9 0 
5 2 15 1 3 
6 2 11 2 2 3 
7 1 15 1 2 
8 0 14 0 
9 3 14 3 3 4 5 
10 3 10 1 5 
11 0 7 0 
12 4 6 2 10 11 
13 2 9 2 2 3 
14 0 11 0 
15 4 10 2 9 14 
16 3 8 4 2 4 5 6 
17 5 8 3 10 14 15 
18 5 11 4 6 9 12 15 
19 5 13 5 3 7 10 12 14 
20 4 14 3 1 10 14 
21 6 9 5 3 4 5 11 19 
22 7 10 4 1 5 6 21 
23 6 15 3 11 13 17 
24 7 7 3 4 18 23 
25 8 14 1 22 
26 6 11 3 4 14 19 
27 4 12 1 9 
28 8 15 7 6 8 16 17 19 22 27 
29 9 14 6 4 6 7 8 10 25 
30 9 7 3 21 22 28 
31 7 10 5 5 9 19 20 23 
32 5 8 4 2 12 15 27 
33 6 6 4 9 14 27 32 
34 7 7 2 6 21 
35 7 9 8 3 12 13 15 18 21 23 32 
36 8 10 6 12 16 23 26 27 34 
37 8 10 9 1 2 3 6 9 11 18 24 33 
38 9 13 9 4 18 19 20 24 28 31 34 36 
39 8 5 3 31 32 34 
40 6 7 4 12 17 20 27 
41 9 14 8 4 9 11 12 17 24 31 39 
42 10 13 3 20 26 29 
43 9 11 5 2 16 21 35 36 
44 7 8 5 12 13 14 23 32 
45 7 14 6 9 13 27 32 33 40 
46 8 14 3 4 27 35 
47 10 11 5 3 21 38 40 41 
48 11 10 7 4 23 26 28 34 38 42 
49 12 14 8 2 3 20 27 30 32 45 48 
50 9 9 12 2 9 10 13 18 23 27 28 33 35 44 46 
