50 20
1 0 6 0 
2 1 5 1 1 
3 2 2 1 2 
4 3 15 2 1 3 
5 0 13 0 
6 0 8 0 
7 1 10 1 6 
8 1 10 1 6 
9 0 3 0 
10 0 16 0 
11 0 6 0 
12 0 6 0 
13 2 6 1 8 
14 0 10 0 
15 0 14 0 
16 2 5 3 1 2 5 
17 3 6 1 16 
18 0 5 0 
19 2 6 2 1 8 
20 4 5 2 4 15 
21 4 6 2 14 17 
22 2 12 2 7 11 
23 0 9 0 
24 1 7 2 5 11 
25 0 8 0 
26 2 10 3 2 7 12 
27 2 9 1 7 
28 4 6 1 4 
29 4 5 3 11 17 26 
30 5 13 6 4 8 9 13 20 24 
31 3 10 5 5 14 18 19 24 
32 3 9 1 22 
33 5 13 5 5 9 10 20 28 
34 6 15 3 2 21 30 
35 1 10 2 1 10 
36 6 6 3 6 19 30 
37 6 8 3 12 30 31 
38 7 6 11 5 13 18 19 22 24 26 28 29 30 34 
39 7 6 2 2 37 
40 8 3 5 1 3 5 18 38 
41 1 10 4 5 6 11 12 
42 5 11 2 13 29 
43 7 6 5 9 10 11 25 34 
44 3 10 2 16 27 
45 4 4 2 4 17 
46 3 12 2 19 22 
47 4 4 3 17 32 44 
48 8 6 5 5 21 33 37 43 
49 7 5 3 9 22 36 
50 8 5 2 18 43 
