50 20
1 0 5 0 
2 1 9 1 1 
3 1 8 1 1 
4 2 6 3 1 2 3 
5 2 5 1 2 
6 3 8 4 1 2 3 4 
7 4 14 4 2 4 5 6 
8 4 3 1 6 
9 4 1 5 1 2 3 5 6 
10 5 10 3 1 3 8 
11 5 5 4 2 5 7 9 
12 6 3 4 1 3 6 10 
13 6 1 7 2 4 6 8 9 10 11 
14 7 3 6 3 6 7 10 12 13 
15 8 1 7 1 5 7 10 11 13 14 
16 8 5 6 4 5 8 12 13 14 
17 9 5 6 2 5 8 9 10 16 
18 8 9 8 2 3 5 7 10 12 13 14 
19 10 10 8 2 3 7 8 11 12 13 17 
20 10 8 11 1 3 6 7 10 11 12 14 15 16 17 
21 11 14 9 1 2 4 5 7 14 15 18 19 
22 11 7 10 1 2 3 4 5 9 10 13 15 19 
23 12 1 13 1 2 3 4 5 8 12 15 16 18 19 21 22 
24 12 3 11 1 4 5 7 9 11 15 18 19 20 22 
25 13 2 12 1 2 4 6 10 14 15 16 17 18 21 24 
26 14 4 17 3 4 7 8 9 11 12 13 16 17 18 20 21 22 23 24 25 
27 13 5 15 1 2 3 4 5 8 10 11 13 14 15 17 18 22 23 
28 14 12 18 1 2 3 4 8 9 10 12 13 14 15 16 19 20 21 23 24 27 
29 14 13 12 3 4 8 10 14 15 17 18 19 22 23 27 
30 15 9 13 3 5 9 10 12 14 17 18 22 24 26 28 29 
31 16 12 17 3 4 5 6 10 11 12 13 14 15 16 18 20 24 26 29 30 
32 15 6 15 1 3 4 5 7 10 11 13 16 17 19 21 22 23 28 
33 17 6 19 1 2 4 7 8 9 14 15 16 17 18 20 23 24 26 28 30 31 32 
34 16 16 24 1 2 3 4 7 8 9 10 11 12 13 14 15 16 17 21 22 23 24 25 27 29 30 32 
35 18 16 21 1 2 3 6 7 8 12 13 14 15 16 17 18 25 26 28 29 30 32 33 34 
36 19 1 19 3 6 8 9 10 11 12 13 14 16 19 22 25 26 27 29 32 34 35 
37 17 5 16 1 2 3 4 8 9 11 15 17 18 19 20 26 27 29 34 
38 16 1 19 2 4 5 6 7 8 9 12 15 16 17 19 22 23 24 27 28 29 30 
39 20 20 22 1 7 8 9 12 13 14 18 19 20 21 23 25 26 27 28 29 30 31 32 36 38 
40 21 19 18 1 2 3 8 12 16 19 21 22 24 25 27 28 30 35 36 38 39 
41 22 6 25 1 2 6 7 10 11 13 14 16 17 19 22 25 26 27 29 30 31 33 34 35 37 38 39 40 
42 22 1 16 2 4 9 10 11 15 18 22 23 24 26 29 30 32 34 40 
43 22 3 25 1 4 5 6 7 8 9 10 11 12 15 17 18 19 20 22 25 26 28 29 35 36 37 38 40 
44 23 1 21 2 5 9 11 12 14 15 17 25 26 28 29 31 32 33 35 37 39 40 41 42 
45 23 5 18 4 5 7 9 10 11 14 23 24 25 28 30 32 33 38 40 41 43 
46 24 2 22 1 3 6 7 9 10 11 15 20 21 23 25 27 30 31 33 34 37 38 39 43 45 
47 25 19 22 4 5 6 10 16 17 18 19 21 22 24 25 26 27 28 30 32 33 38 41 42 46 
48 26 1 22 3 4 7 12 14 16 17 18 19 23 25 27 29 32 33 34 35 36 37 44 46 47 
49 27 5 26 1 3 4 6 7 9 10 13 14 15 16 19 20 22 23 24 25 27 28 29 31 35 37 40 45 48 
50 28 5 28 1 2 6 7 9 10 12 18 20 21 23 25 26 29 31 33 35 36 37 38 39 41 43 44 45 47 48 49 
