50 20
1 0 7 0 
2 0 2 0 
3 0 8 0 
4 0 4 0 
5 0 8 0 
6 0 4 0 
7 0 3 0 
8 0 1 0 
9 0 4 0 
10 0 2 0 
11 0 10 0 
12 0 5 0 
13 1 6 3 3 9 12 
14 1 1 4 1 3 4 10 
15 1 5 3 4 5 10 
16 1 5 2 7 11 
17 1 7 3 2 3 5 
18 1 9 4 1 3 10 11 
19 2 2 4 9 10 15 16 
20 1 8 5 2 3 7 10 12 
21 2 2 5 1 9 15 16 17 
22 2 10 3 5 14 18 
23 2 3 3 2 13 18 
24 2 3 4 1 3 15 18 
25 2 8 6 2 3 5 11 14 15 
26 2 8 6 9 11 12 13 15 16 
27 2 9 7 3 6 12 13 14 16 18 
28 3 7 9 4 5 6 7 8 9 14 19 27 
29 3 1 6 1 2 3 4 10 27 
30 3 9 9 2 3 7 8 10 12 17 23 24 
31 2 1 6 1 6 7 13 17 18 
32 3 4 5 2 5 21 25 26 
33 3 10 5 1 3 10 24 27 
34 3 7 4 1 6 19 21 
35 3 4 5 11 13 14 23 24 
36 3 3 9 6 8 10 15 18 19 23 25 26 
37 3 8 5 9 11 12 17 27 
38 4 4 12 3 7 11 13 17 25 26 28 29 32 34 36 
39 4 8 12 4 5 8 10 12 14 15 18 21 29 31 33 
40 4 4 9 1 11 16 20 21 22 30 31 35 
41 4 10 7 8 12 14 19 29 30 37 
42 4 4 11 1 2 3 4 7 8 9 14 18 29 34 
43 4 2 9 8 16 17 23 26 27 28 29 30 
44 4 10 6 4 11 12 15 21 35 
45 4 7 9 2 5 9 21 22 27 29 30 35 
46 4 10 16 2 5 8 11 12 15 17 19 20 21 24 28 32 33 36 37 
47 4 4 7 5 6 12 15 29 31 36 
48 4 4 7 1 14 15 17 20 32 33 
49 4 7 9 1 2 3 14 15 21 25 32 36 
50 4 8 13 4 6 8 10 11 17 21 25 27 30 31 35 37 
