50 20
1 0 7 0 
2 1 7 1 1 
3 2 5 1 2 
4 3 7 3 1 2 3 
5 4 5 3 2 3 4 
6 5 7 3 2 3 5 
7 6 6 3 1 5 6 
8 5 5 4 1 2 3 5 
9 5 5 3 1 4 5 
10 6 6 2 5 6 
11 7 5 6 2 5 7 8 9 10 
12 8 7 5 2 7 8 10 11 
13 9 5 6 1 3 5 7 10 12 
14 10 5 7 1 3 5 7 8 11 13 
15 9 7 7 1 3 4 5 6 11 12 
16 11 6 10 1 2 6 7 9 10 12 13 14 15 
17 12 4 10 1 2 3 6 7 8 10 13 15 16 
18 10 6 8 1 2 3 4 7 8 12 15 
19 12 6 9 2 5 10 11 12 13 14 15 16 
20 13 5 13 1 3 4 5 6 8 10 11 14 15 16 17 19 
21 13 5 9 2 3 4 6 7 8 12 18 19 
22 14 5 15 1 3 4 6 8 10 11 12 13 14 15 16 17 18 21 
23 15 8 14 1 2 3 5 7 8 11 13 14 15 17 20 21 22 
24 16 7 17 3 4 5 8 9 10 11 12 13 14 15 16 18 19 21 22 23 
25 17 5 14 1 2 4 5 7 8 9 12 15 16 17 20 23 24 
26 17 6 14 1 4 7 8 10 11 12 14 17 18 19 21 23 24 
27 18 7 20 1 2 3 4 5 7 8 10 12 13 14 15 16 17 18 19 20 21 25 26 
28 19 4 16 2 3 5 8 9 10 14 15 16 18 19 21 22 23 24 27 
29 19 5 20 2 3 4 5 8 9 10 12 13 15 16 17 18 19 20 21 23 24 25 27 
30 20 5 19 1 2 5 8 9 10 11 12 14 15 16 18 21 22 25 26 27 28 29 
31 21 6 17 4 6 7 11 12 14 15 16 17 18 20 21 22 23 27 29 30 
32 21 7 15 1 2 4 5 6 8 9 10 13 14 20 22 28 29 30 
33 22 5 22 1 2 5 6 8 10 11 12 13 15 16 17 18 19 20 24 25 26 29 30 31 32 
34 22 5 21 1 3 4 5 6 8 9 10 11 14 15 17 18 19 21 23 24 26 29 30 31 
35 23 7 23 1 2 3 5 6 8 9 12 13 14 15 17 18 20 21 22 26 27 28 30 32 33 34 
36 23 4 25 1 2 4 5 7 9 10 11 12 13 14 15 19 20 22 23 24 26 27 28 30 31 32 33 34 
37 24 6 20 2 5 6 7 9 15 17 18 19 22 24 27 28 29 30 32 33 34 35 36 
38 24 4 23 1 2 4 5 7 8 9 10 13 15 16 17 18 19 21 22 23 24 28 32 34 35 36 
39 25 5 21 2 3 5 9 10 11 13 14 15 16 17 21 22 23 26 28 32 34 36 37 38 
40 26 5 20 9 11 14 16 17 19 20 21 22 23 24 26 27 30 31 35 36 37 38 39 
41 27 5 28 1 3 4 6 7 8 10 12 13 15 16 18 19 20 21 22 25 26 28 30 31 33 34 36 37 38 39 40 
42 28 6 25 1 2 3 4 5 7 8 9 11 13 14 17 18 20 23 24 26 29 30 31 32 34 36 38 41 
43 28 6 29 1 5 6 7 10 11 12 14 16 17 18 19 21 22 24 25 26 28 29 31 32 33 34 35 36 37 38 39 41 
44 29 4 31 2 3 4 5 6 7 9 11 13 14 15 16 17 19 20 22 23 24 25 26 28 29 33 34 35 36 37 38 40 41 43 
45 30 4 29 1 3 4 5 6 8 10 11 13 16 17 18 19 20 23 24 26 29 30 31 32 33 35 36 38 39 40 41 44 
46 31 3 28 4 5 9 10 13 14 16 19 21 22 23 24 25 27 29 30 31 32 33 34 35 36 37 39 40 42 43 45 
47 32 5 29 1 2 3 5 6 7 8 9 11 12 17 18 20 21 24 25 26 27 28 29 30 31 34 36 37 38 39 40 46 
48 33 5 28 2 3 4 5 6 7 8 11 14 16 17 23 24 25 26 27 28 30 32 33 35 39 40 41 42 44 45 47 
49 34 5 33 3 4 5 6 7 8 9 11 15 16 17 19 21 22 23 24 25 26 27 28 29 33 35 36 38 39 40 41 42 43 44 47 48 
50 34 5 30 3 4 5 7 8 9 13 15 16 18 19 20 21 23 24 25 26 27 28 32 33 35 38 40 41 42 43 44 47 48 
