50 20
1 0 1 0 
2 0 3 0 
3 0 6 0 
4 0 1 0 
5 0 2 0 
6 0 3 0 
7 1 2 1 2 
8 0 5 0 
9 1 2 2 1 6 
10 2 9 3 1 4 9 
11 3 8 1 10 
12 1 1 1 4 
13 1 6 1 4 
14 3 6 3 7 10 12 
15 4 9 3 10 12 14 
16 0 1 0 
17 0 8 0 
18 3 2 2 7 10 
19 4 9 2 9 18 
20 5 6 2 6 19 
21 1 5 1 8 
22 6 4 6 6 7 11 15 20 21 
23 7 7 3 20 21 22 
24 6 2 5 1 3 11 12 20 
25 7 4 4 3 7 9 22 
26 5 6 2 10 19 
27 8 2 4 10 16 17 25 
28 4 4 3 8 11 13 
29 9 1 4 2 6 25 27 
30 2 3 3 4 7 9 
31 10 4 4 13 14 24 29 
32 9 10 9 1 5 10 13 14 19 20 24 27 
33 3 10 3 3 8 10 
34 10 5 6 5 7 23 24 32 33 
35 11 3 7 5 7 16 23 26 29 34 
36 8 9 7 5 13 21 22 24 25 26 
37 1 4 1 5 
38 8 5 4 6 8 20 25 
39 10 6 9 1 4 6 19 20 22 29 32 37 
40 11 4 9 5 7 17 22 27 30 31 32 39 
41 12 7 5 10 11 19 28 40 
42 8 3 4 3 11 25 26 
43 13 3 8 5 9 26 29 31 35 36 41 
44 10 1 5 13 14 26 27 29 
45 8 4 4 3 13 23 26 
46 12 6 5 10 12 24 30 40 
47 3 10 3 6 13 30 
48 12 8 6 2 21 32 34 35 37 
49 12 5 3 22 35 40 
50 11 7 6 1 13 15 20 27 39 
