50 20
1 0 4 0 
2 0 1 0 
3 0 4 0 
4 0 13 0 
5 0 9 0 
6 0 3 0 
7 0 13 0 
8 0 2 0 
9 1 13 1 4 
10 1 7 1 8 
11 1 17 2 3 7 
12 1 16 3 1 4 8 
13 1 19 1 5 
14 1 5 2 1 4 
15 1 9 2 4 5 
16 1 3 1 8 
17 2 12 2 11 13 
18 1 3 1 7 
19 1 17 1 7 
20 2 16 4 5 12 13 14 
21 2 17 5 5 8 10 12 15 
22 1 13 3 1 3 5 
23 2 4 2 2 12 
24 1 7 1 3 
25 2 10 5 4 6 11 13 16 
26 3 12 1 25 
27 3 11 5 4 12 20 21 22 
28 3 17 2 20 24 
29 3 5 8 1 2 5 7 16 17 22 23 
30 3 18 6 6 18 19 20 21 23 
31 3 9 7 4 5 9 15 19 20 24 
32 3 2 4 4 13 18 20 
33 2 19 10 2 8 9 10 12 14 15 16 18 24 
34 3 15 7 6 7 13 18 19 20 21 
35 3 19 6 7 8 10 15 19 23 
36 3 17 3 3 9 25 
37 4 8 12 10 12 13 15 16 18 20 21 22 29 30 32 
38 4 6 12 4 13 14 17 19 20 21 22 23 27 31 32 
39 4 17 7 1 7 23 27 31 32 34 
40 4 1 12 4 7 12 13 18 22 23 24 26 28 29 32 
41 4 19 8 1 2 5 24 28 34 35 36 
42 4 8 5 13 25 26 32 33 
43 4 10 8 4 5 11 14 15 22 27 36 
44 4 19 6 3 5 23 25 32 36 
45 4 8 7 6 9 10 23 28 34 36 
46 4 19 5 5 6 9 28 35 
47 4 2 7 10 15 20 24 26 31 33 
48 4 11 12 6 7 8 10 14 18 19 22 32 33 34 36 
49 4 9 6 1 3 11 29 30 34 
50 3 2 6 9 11 19 20 22 24 
