50 20
1 0 11 0 
2 0 17 0 
3 0 5 0 
4 0 2 0 
5 0 8 0 
6 0 15 0 
7 0 17 0 
8 0 6 0 
9 1 8 7 1 2 3 4 6 7 8 
10 1 2 7 1 2 3 4 5 6 8 
11 1 4 7 1 2 3 4 5 7 8 
12 1 15 7 1 2 3 4 5 7 8 
13 1 8 7 1 2 3 4 5 6 7 
14 1 5 5 1 2 3 6 7 
15 1 2 6 1 2 4 6 7 8 
16 1 8 6 1 2 3 4 6 8 
17 1 10 8 1 2 3 4 5 6 7 8 
18 1 3 7 1 2 3 4 6 7 8 
19 1 16 8 1 2 3 4 5 6 7 8 
20 1 11 5 1 3 4 5 7 
21 1 5 7 1 3 4 5 6 7 8 
22 1 4 8 1 2 3 4 5 6 7 8 
23 2 18 18 1 2 3 4 5 6 8 9 10 13 14 16 17 18 19 20 21 22 
24 2 20 15 2 3 4 5 7 8 9 10 12 13 16 17 18 20 22 
25 2 7 20 1 2 3 4 5 6 7 8 10 11 12 13 14 15 16 17 19 20 21 22 
26 2 12 19 1 2 3 4 6 7 8 9 10 11 12 13 16 17 18 19 20 21 22 
27 2 6 20 1 2 3 4 5 6 7 9 10 11 12 14 15 16 17 18 19 20 21 22 
28 2 5 20 1 2 3 4 6 7 8 9 10 11 12 14 15 16 17 18 19 20 21 22 
29 2 1 20 1 2 4 5 6 7 8 9 10 11 12 13 14 15 17 18 19 20 21 22 
30 2 9 18 1 2 3 5 6 7 8 10 11 13 14 15 16 17 18 19 20 21 
31 2 20 20 2 3 5 6 7 8 9 10 11 12 13 14 15 16 17 18 19 20 21 22 
32 3 10 30 1 2 3 4 5 6 7 8 9 10 11 12 13 14 15 16 17 18 19 20 21 22 24 25 26 27 28 29 30 31 
33 3 19 26 1 2 3 4 5 6 7 8 9 10 11 13 16 17 18 19 21 22 23 24 25 26 27 28 29 31 
34 3 5 26 1 2 3 4 5 6 7 8 9 10 11 12 13 15 16 17 18 19 20 21 23 25 26 27 28 30 
35 3 6 24 1 2 3 4 5 6 7 10 12 13 15 16 17 18 19 20 21 22 23 24 25 26 28 29 
36 3 4 29 1 2 3 4 5 6 7 8 9 10 11 13 14 15 16 17 18 19 20 21 22 23 24 26 27 28 29 30 31 
37 3 3 25 1 2 3 4 5 6 7 9 11 13 15 16 17 18 19 20 21 22 23 24 25 26 29 30 31 
38 3 15 27 1 2 3 5 6 7 9 10 11 13 14 15 16 17 18 20 21 22 23 24 25 26 27 28 29 30 31 
39 3 14 27 1 2 3 5 6 7 8 9 10 11 13 14 16 17 18 19 20 22 23 24 25 26 27 28 29 30 31 
40 3 9 26 2 3 4 5 6 8 9 10 11 12 13 14 15 16 17 18 19 21 24 25 26 27 28 29 30 31 
41 4 6 34 1 2 3 4 5 9 10 11 12 13 14 15 17 18 19 20 21 22 23 24 25 26 27 28 29 30 31 33 34 35 36 37 38 39 
42 4 1 36 1 2 3 4 5 7 8 9 10 11 12 13 15 16 17 18 19 20 21 23 24 26 27 28 29 30 31 32 33 34 35 36 37 38 39 40 
43 4 9 35 1 2 3 4 5 6 7 8 9 10 11 14 15 16 17 18 19 20 21 22 23 24 25 26 27 29 31 32 33 34 35 36 38 39 40 
44 4 9 32 1 2 3 4 7 8 9 10 11 12 13 15 16 17 19 21 22 23 24 25 26 27 29 31 32 33 34 36 37 38 39 40 
45 4 15 35 1 2 3 4 5 7 8 10 11 12 13 14 15 16 17 18 19 21 22 23 24 26 27 28 29 30 31 32 33 34 35 36 37 38 40 
46 4 8 36 1 2 3 4 5 6 7 8 9 10 11 13 14 15 16 19 20 21 22 24 25 26 27 28 29 30 31 32 33 34 35 36 37 38 39 40 
47 4 3 37 1 2 3 4 5 6 7 8 9 10 11 12 13 14 15 16 17 18 19 20 21 22 23 24 26 28 29 30 31 32 33 34 35 36 37 38 40 
48 4 2 35 1 2 3 4 5 6 7 8 9 10 11 12 13 14 15 16 17 19 21 22 23 24 25 26 27 28 29 32 33 34 35 36 37 38 40 
49 4 3 35 1 2 3 4 5 6 7 9 11 13 14 16 17 18 19 21 22 23 24 25 26 27 28 29 30 31 32 33 34 35 36 37 38 39 40 
50 4 4 36 1 2 3 4 5 7 8 9 10 11 12 13 14 15 16 17 18 20 21 22 23 24 25 26 27 28 29 32 33 34 35 36 37 38 39 40 
