50 20
1 0 25 0 
2 0 4 0 
3 0 12 0 
4 0 12 0 
5 1 1 2 1 4 
6 0 5 0 
7 1 2 2 2 3 
8 2 8 2 5 7 
9 1 4 2 2 6 
10 1 1 1 1 
11 0 4 0 
12 1 4 1 6 
13 0 5 0 
14 0 6 0 
15 2 10 2 2 10 
16 2 1 4 5 7 9 11 
17 3 5 3 8 13 14 
18 4 9 3 7 11 17 
19 2 10 6 1 4 6 12 13 14 
20 5 1 7 2 8 9 13 16 17 18 
21 6 4 7 1 6 8 10 13 16 20 
22 3 5 4 2 10 13 15 
23 7 3 5 4 8 17 20 21 
24 7 3 5 6 8 12 21 22 
25 8 1 6 9 17 18 21 23 24 
26 8 18 4 6 12 22 24 
27 9 6 5 7 9 13 16 25 
28 9 6 5 2 11 12 17 25 
29 10 1 4 9 25 26 28 
30 9 2 6 4 8 18 20 24 25 
31 10 22 8 1 7 9 13 24 26 27 30 
32 11 3 5 5 21 23 26 31 
33 10 1 8 2 4 6 7 10 13 17 27 
34 10 12 6 3 5 7 18 26 27 
35 11 13 7 3 4 15 18 19 22 31 
36 12 3 8 6 7 9 15 16 22 30 32 
37 12 5 9 4 7 9 19 25 28 29 30 35 
38 13 3 8 4 5 7 11 14 23 36 37 
39 13 1 7 4 10 16 32 33 34 37 
40 14 5 8 4 9 17 22 23 34 37 38 
41 15 11 7 3 16 25 26 27 39 40 
42 11 12 7 1 13 14 15 16 29 30 
43 13 21 8 1 7 10 22 23 25 29 37 
44 16 14 5 9 34 35 38 41 
45 17 2 11 2 7 11 12 19 20 24 33 35 39 44 
46 14 10 12 7 10 12 13 14 15 19 28 29 31 38 39 
47 16 2 9 5 11 13 20 24 26 30 39 41 
48 15 4 9 3 5 9 15 26 37 38 40 43 
49 13 2 9 2 5 9 11 13 25 32 37 42 
50 17 1 11 2 4 5 7 9 19 23 27 29 42 47 
