50 20
1 0 7 0 
2 0 5 0 
3 0 7 0 
4 0 6 0 
5 0 4 0 
6 0 5 0 
7 0 4 0 
8 0 5 0 
9 0 6 0 
10 0 4 0 
11 0 7 0 
12 0 5 0 
13 0 5 0 
14 0 7 0 
15 1 5 2 3 12 
16 1 6 2 9 14 
17 1 5 1 13 
18 1 5 1 13 
19 1 7 1 10 
20 1 4 2 1 12 
21 1 6 3 1 2 10 
22 1 7 2 2 4 
23 0 6 0 
24 1 8 3 5 10 14 
25 2 5 4 1 8 11 20 
26 2 6 2 10 18 
27 2 6 2 3 20 
28 1 8 2 3 8 
29 2 6 3 5 17 23 
30 2 4 1 16 
31 3 6 4 1 11 25 27 
32 3 6 7 7 12 15 16 26 27 28 
33 1 6 3 8 11 23 
34 3 5 10 2 3 7 10 11 13 18 20 26 27 
35 2 7 1 18 
36 2 6 3 6 16 21 
37 1 5 2 2 3 
38 3 7 2 7 25 
39 2 7 2 11 19 
40 2 6 2 19 33 
41 2 6 4 2 6 16 22 
42 3 6 6 2 11 15 25 29 37 
43 4 5 5 9 16 20 27 31 
44 2 5 4 2 4 21 24 
45 2 5 3 10 13 18 
46 2 6 2 3 20 
47 1 6 1 5 
48 3 7 4 6 22 30 37 
49 3 6 6 6 17 27 35 36 37 
50 1 5 5 3 5 7 8 11 
