50 20
1 0 7 0 
2 0 3 0 
3 0 6 0 
4 1 4 1 2 
5 2 3 2 3 4 
6 1 5 1 2 
7 1 8 1 3 
8 1 2 1 3 
9 1 2 1 2 
10 3 4 4 1 5 6 8 
11 2 6 4 1 2 4 6 
12 2 8 3 2 7 9 
13 3 8 3 5 9 12 
14 3 6 3 1 6 12 
15 4 8 4 7 10 12 14 
16 4 7 5 6 10 11 13 14 
17 5 2 6 1 2 8 11 15 16 
18 5 8 5 3 10 11 13 15 
19 6 4 2 10 17 
20 7 3 6 4 5 6 7 13 19 
21 5 1 5 2 3 5 7 15 
22 8 1 4 1 6 14 20 
23 8 2 6 1 6 12 15 17 20 
24 4 6 2 4 13 
25 0 8 0 
26 9 10 8 1 4 18 20 21 22 23 25 
27 8 8 5 5 6 18 20 25 
28 10 3 6 2 10 17 25 26 27 
29 11 6 6 3 6 10 17 22 28 
30 9 2 6 16 18 21 22 24 25 
31 10 8 8 5 8 11 13 16 19 26 30 
32 12 4 10 2 6 9 13 14 15 21 22 29 30 
33 13 5 7 1 10 12 14 25 30 32 
34 13 7 14 3 5 6 11 12 17 18 19 21 25 28 29 30 32 
35 14 2 3 19 30 33 
36 14 6 8 1 5 8 15 20 26 29 33 
37 15 10 5 8 14 25 27 35 
38 15 9 6 1 6 7 12 20 36 
39 16 3 12 8 13 20 22 23 24 30 32 34 36 37 38 
40 17 6 7 1 2 5 15 16 29 39 
41 13 3 11 1 2 8 9 11 12 16 19 20 31 32 
42 16 10 9 1 3 13 18 27 29 30 38 41 
43 16 4 13 3 7 11 12 16 20 22 25 27 30 31 34 37 
44 17 5 8 1 15 16 18 20 30 32 39 
45 16 5 10 4 5 8 13 15 21 31 37 38 41 
46 18 7 14 3 11 12 15 16 21 22 27 29 31 32 41 44 45 
47 17 6 16 2 8 12 13 16 20 23 25 27 30 32 34 36 38 42 45 
48 18 3 9 1 4 5 13 15 16 18 28 44 
49 19 4 13 7 10 11 12 22 23 24 26 33 36 44 47 48 
50 19 1 16 2 3 6 10 13 15 16 24 26 31 36 37 39 42 43 48 
