50 20
1 0 6 0 
2 0 20 0 
3 0 7 0 
4 0 18 0 
5 0 7 0 
6 0 14 0 
7 0 2 0 
8 0 9 0 
9 0 16 0 
10 0 14 0 
11 0 3 0 
12 0 7 0 
13 0 15 0 
14 0 18 0 
15 0 7 0 
16 0 16 0 
17 0 15 0 
18 1 13 4 2 7 8 10 
19 1 10 3 4 9 10 
20 1 4 1 9 
21 1 20 2 12 15 
22 1 8 3 3 7 13 
23 1 9 3 5 8 12 
24 0 13 0 
25 1 1 2 8 13 
26 1 5 4 4 5 11 16 
27 1 14 2 9 10 
28 2 17 3 3 9 21 
29 1 1 1 16 
30 2 8 3 7 16 27 
31 2 17 4 4 6 10 25 
32 1 13 4 11 13 14 24 
33 2 3 8 1 5 7 8 14 17 24 26 
34 2 19 5 7 18 23 26 27 
35 2 3 3 1 2 22 
36 2 9 5 4 5 9 23 27 
37 2 1 5 10 13 18 19 27 
38 3 10 8 2 3 9 14 20 21 25 31 
39 3 5 5 8 12 19 28 33 
40 3 10 11 1 6 9 10 11 19 21 25 31 32 33 
41 3 5 6 1 6 14 25 36 37 
42 3 15 6 11 17 23 29 34 37 
43 3 13 5 2 10 26 27 35 
44 3 4 5 11 18 32 35 36 
45 3 17 5 10 12 24 26 30 
46 4 9 7 8 17 22 30 31 37 44 
47 3 16 5 5 17 19 30 36 
48 4 17 6 12 19 28 30 43 44 
49 4 16 4 5 26 29 44 
50 3 9 3 11 26 30 
