50 20
1 0 51 0 
2 0 12 0 
3 1 1 1 1 
4 1 1 1 2 
5 0 23 0 
6 2 5 2 1 3 
7 0 12 0 
8 0 22 0 
9 3 28 3 2 5 6 
10 3 14 1 6 
11 0 14 0 
12 4 13 5 1 3 5 6 10 
13 1 1 1 8 
14 2 11 2 2 4 
15 4 14 5 1 4 7 8 10 
16 5 5 3 2 8 12 
17 1 5 1 5 
18 1 6 1 7 
19 5 13 2 1 15 
20 2 2 3 4 5 18 
21 2 11 2 13 17 
22 6 1 4 6 9 16 17 
23 5 10 5 1 4 6 11 12 
24 3 8 1 20 
25 6 9 5 6 14 15 21 23 
26 3 11 5 4 5 6 11 18 
27 5 29 8 3 5 12 14 15 18 21 26 
28 6 9 8 1 3 6 12 16 21 23 24 
29 6 25 7 4 5 7 9 16 18 23 
30 7 3 5 1 8 12 19 28 
31 7 13 8 8 12 13 14 19 27 28 29 
32 6 38 5 1 13 15 20 27 
33 7 10 12 10 14 15 16 19 20 21 22 23 26 28 29 
34 8 11 9 6 7 8 12 20 26 27 29 30 
35 8 1 10 4 9 10 12 18 22 24 25 29 33 
36 8 1 12 1 4 6 7 11 18 24 25 26 29 30 33 
37 9 1 8 7 9 11 26 27 32 35 36 
38 8 11 7 1 18 21 24 29 31 33 
39 10 1 14 3 5 10 11 12 20 21 23 25 28 32 36 37 38 
40 9 3 7 2 4 7 11 13 19 36 
41 9 18 10 6 8 22 23 24 27 28 29 32 36 
42 10 22 10 1 6 14 15 17 19 31 33 38 41 
43 11 1 6 9 13 15 21 29 42 
44 9 11 9 3 5 12 14 21 23 26 34 35 
45 11 10 8 4 8 10 14 20 27 37 42 
46 12 52 12 11 13 14 18 27 31 33 34 37 42 43 45 
47 13 1 10 3 8 11 12 14 16 20 26 28 46 
48 12 11 12 2 4 6 11 16 20 24 28 33 34 43 44 
49 10 7 16 4 6 11 13 15 16 18 20 23 28 29 30 31 33 34 41 
50 13 2 14 1 5 10 11 14 19 22 27 30 33 37 40 43 48 
