50 20
1 0 3 0 
2 0 17 0 
3 0 13 0 
4 0 13 0 
5 0 6 0 
6 0 18 0 
7 0 13 0 
8 0 18 0 
9 0 2 0 
10 0 19 0 
11 0 14 0 
12 0 2 0 
13 1 11 10 1 3 4 5 7 8 9 10 11 12 
14 1 3 8 1 4 5 6 7 9 10 11 
15 1 20 8 2 3 4 6 7 8 10 12 
16 1 13 12 1 2 3 4 5 6 7 8 9 10 11 12 
17 1 12 11 1 2 3 4 5 7 8 9 10 11 12 
18 1 5 9 1 3 4 5 6 7 8 9 10 
19 1 6 10 1 3 4 5 6 7 9 10 11 12 
20 1 15 10 1 2 3 4 5 6 7 8 9 10 
21 1 20 11 1 2 3 4 5 6 7 9 10 11 12 
22 2 10 13 1 2 3 4 6 9 12 14 15 16 19 20 21 
23 2 9 19 1 2 3 4 5 6 7 8 9 10 11 12 14 15 16 18 19 20 21 
24 2 12 17 1 3 4 5 6 7 8 10 11 13 14 15 16 17 18 19 20 
25 2 10 18 1 2 4 5 6 7 8 9 10 11 12 13 14 15 16 17 18 19 
26 2 1 18 1 2 4 5 7 8 9 10 11 12 13 14 15 16 18 19 20 21 
27 2 14 19 1 3 4 5 6 7 8 9 10 11 12 13 14 16 17 18 19 20 21 
28 2 15 18 2 3 4 5 6 8 9 10 11 12 13 14 15 16 17 18 20 21 
29 2 4 18 1 2 3 4 5 6 7 9 11 12 13 15 16 17 18 19 20 21 
30 2 5 18 1 2 3 4 6 7 9 10 12 13 14 15 16 17 18 19 20 21 
31 2 1 19 1 2 3 4 5 6 7 8 9 10 11 13 14 15 16 17 18 19 21 
32 3 2 24 1 2 3 4 5 7 8 9 11 12 13 14 15 16 20 21 22 24 25 26 27 28 29 30 
33 3 1 27 1 2 4 5 6 7 8 9 10 11 13 14 15 16 17 18 19 20 21 22 23 24 25 26 27 28 29 
34 3 12 23 1 2 3 4 5 8 9 11 12 14 16 17 18 19 21 22 23 24 26 27 28 30 31 
35 3 9 27 1 3 5 6 7 8 9 10 13 14 15 16 17 18 19 20 21 22 23 24 25 26 27 28 29 30 31 
36 3 6 23 1 2 3 4 5 6 8 11 12 13 15 17 18 20 21 23 24 25 26 28 29 30 31 
37 3 20 27 1 3 4 5 6 8 9 10 11 12 13 14 15 16 17 18 19 20 21 22 24 25 27 28 29 30 31 
38 4 5 29 1 2 3 5 6 7 8 9 10 11 12 13 14 15 16 17 18 19 22 24 25 28 29 30 32 33 35 36 37 
39 4 17 31 1 2 3 4 5 6 7 8 9 10 11 12 13 14 15 16 18 19 20 21 24 25 26 28 29 30 31 32 34 35 36 
40 4 11 28 1 2 3 4 5 6 8 10 11 13 14 15 16 17 18 19 22 23 24 25 26 28 29 30 32 33 35 36 
41 4 8 33 1 2 4 5 6 7 8 9 10 11 12 13 14 15 16 17 19 20 21 22 23 24 25 26 27 28 29 30 32 33 34 35 37 
42 4 5 29 2 3 4 5 6 7 8 9 10 11 13 14 15 16 17 19 20 21 23 27 28 29 30 31 32 33 34 35 37 
43 4 2 33 1 2 4 5 6 7 8 9 10 11 12 13 14 15 16 17 18 19 20 21 22 23 24 25 27 28 30 32 33 34 35 36 37 
44 4 20 32 1 2 3 4 5 7 9 10 11 12 13 14 15 16 18 19 21 22 23 24 25 26 27 28 29 30 32 33 34 35 36 37 
45 4 15 35 2 3 4 5 6 7 8 9 10 11 12 13 14 15 16 17 18 19 20 21 22 23 24 25 26 28 29 30 31 32 33 34 35 36 37 
46 4 13 28 1 2 3 4 6 9 10 11 13 14 15 16 17 19 20 21 23 24 25 26 27 30 31 32 33 35 36 37 
47 4 15 30 1 2 3 4 6 7 8 9 11 12 13 14 16 17 18 19 20 21 22 24 26 29 30 31 32 33 34 35 36 37 
48 4 18 28 1 2 3 4 5 6 7 8 10 11 13 14 15 17 18 19 20 22 24 25 26 27 31 33 34 35 36 37 
49 4 4 27 1 4 5 6 8 9 11 12 13 14 15 17 19 21 22 23 25 26 27 28 29 31 32 33 34 35 36 
50 4 11 33 1 2 3 5 6 7 8 9 11 12 13 14 15 17 18 19 20 21 22 23 24 25 26 27 28 29 31 32 33 34 35 36 37 
