50 20
1 0 5 0 
2 0 23 0 
3 0 8 0 
4 0 8 0 
5 0 4 0 
6 1 1 2 3 4 
7 0 21 0 
8 2 9 1 6 
9 1 9 4 1 2 3 4 
10 1 3 1 4 
11 0 9 0 
12 2 17 2 5 10 
13 3 21 5 4 6 10 11 12 
14 2 17 4 2 3 9 10 
15 0 25 0 
16 3 1 2 8 15 
17 1 4 1 5 
18 3 11 3 12 14 17 
19 4 5 2 14 16 
20 3 11 3 5 8 15 
21 2 16 2 2 10 
22 2 11 1 6 
23 4 7 1 18 
24 5 2 1 23 
25 3 4 5 1 3 9 14 22 
26 4 2 5 1 5 8 13 25 
27 4 2 1 16 
28 5 6 4 2 5 21 27 
29 6 27 6 1 6 11 17 21 28 
30 5 11 3 14 17 27 
31 5 25 3 9 26 27 
32 6 13 8 3 4 9 11 12 15 17 24 
33 6 6 5 1 8 14 28 31 
34 6 5 4 13 23 24 30 
35 7 4 10 3 5 7 10 11 15 18 28 30 32 
36 7 19 5 2 8 19 31 32 
37 8 17 4 1 3 31 35 
38 8 9 5 6 12 17 24 36 
39 9 11 4 1 24 32 38 
40 8 1 6 13 16 19 25 33 36 
41 7 8 3 12 31 32 
42 3 8 4 4 14 17 22 
43 8 8 7 1 3 4 15 19 24 35 
44 10 6 4 2 31 37 39 
45 9 6 4 2 10 25 38 
46 9 8 5 5 11 20 42 43 
47 11 12 8 2 12 27 29 33 34 35 44 
48 6 3 1 31 
49 9 5 6 2 12 32 33 37 48 
50 9 7 9 9 14 17 19 21 26 28 35 43 
