50 20
1 0 2 0 
2 0 3 0 
3 0 9 0 
4 0 10 0 
5 0 1 0 
6 0 8 0 
7 0 5 0 
8 0 10 0 
9 0 5 0 
10 0 5 0 
11 1 1 3 1 3 7 
12 1 25 3 2 7 9 
13 0 2 0 
14 0 1 0 
15 1 2 2 5 7 
16 0 1 0 
17 1 3 2 2 5 
18 0 16 0 
19 1 3 1 9 
20 0 9 0 
21 1 2 1 6 
22 1 1 1 7 
23 0 3 0 
24 1 24 1 10 
25 0 2 0 
26 0 3 0 
27 1 4 1 10 
28 2 1 3 4 11 26 
29 1 10 3 5 8 9 
30 2 2 3 4 5 15 
31 2 2 3 8 13 17 
32 2 6 3 4 17 20 
33 0 9 0 
34 3 1 5 2 24 26 27 28 
35 2 11 3 8 9 17 
36 3 4 5 7 20 25 27 28 
37 3 8 2 28 32 
38 3 6 1 28 
39 1 8 2 4 18 
40 2 2 4 2 10 12 13 
41 1 3 1 33 
42 1 3 1 18 
43 4 3 2 11 34 
44 2 8 1 41 
45 2 1 4 10 16 18 22 
46 3 13 5 2 3 4 24 28 
47 3 11 4 5 7 39 40 
48 1 6 1 7 
49 3 7 3 5 17 40 
50 1 10 1 25 
