50 20
1 0 15 0 
2 1 8 1 1 
3 0 12 0 
4 2 5 3 1 2 3 
5 3 7 3 2 3 4 
6 4 6 3 2 4 5 
7 4 6 4 1 2 3 5 
8 5 9 5 1 2 3 4 7 
9 6 8 6 1 3 4 6 7 8 
10 7 18 7 3 4 5 6 7 8 9 
11 8 6 5 2 3 4 7 10 
12 8 1 9 1 2 3 4 5 6 7 9 10 
13 9 25 6 1 5 6 9 10 12 
14 9 12 9 1 2 3 4 7 8 9 10 12 
15 10 5 6 1 3 8 9 12 13 
16 11 2 9 3 5 6 8 9 10 12 13 15 
17 12 43 13 1 2 3 4 6 7 8 9 11 13 14 15 16 
18 13 8 14 1 2 3 5 7 8 9 10 11 13 14 15 16 17 
19 14 36 14 1 2 3 4 6 7 9 10 12 13 14 15 16 18 
20 15 23 12 1 3 4 5 6 7 8 12 15 17 18 19 
21 16 3 13 1 2 4 6 7 8 9 10 11 15 16 17 20 
22 16 15 14 1 2 4 5 6 7 9 11 12 16 17 18 19 20 
23 17 3 17 1 3 5 6 7 8 9 10 11 12 13 15 16 17 18 20 22 
24 18 38 17 1 2 3 6 7 8 9 10 12 13 14 15 17 18 19 21 23 
25 16 8 15 1 2 4 5 6 7 8 9 12 13 14 16 18 19 20 
26 19 2 18 1 3 4 5 6 8 9 10 13 14 15 17 18 19 21 22 24 25 
27 20 6 20 1 4 5 7 8 9 10 12 13 14 17 18 19 20 21 22 23 24 25 26 
28 21 19 19 3 7 8 9 11 12 13 14 17 18 19 20 21 22 23 24 25 26 27 
29 21 6 17 2 4 5 7 8 10 11 12 15 18 19 20 21 22 23 25 27 
30 22 17 21 1 4 5 6 7 8 10 11 12 13 14 15 18 19 20 21 22 23 24 28 29 
31 22 1 17 1 3 4 5 8 9 13 14 15 20 21 23 24 25 26 27 29 
32 22 14 20 1 2 3 4 6 7 8 9 11 12 14 15 16 19 20 22 23 25 26 29 
33 23 30 16 2 5 6 8 10 11 12 16 17 19 21 22 25 27 29 31 
34 23 6 24 1 2 3 5 6 7 8 10 11 12 13 14 15 16 17 19 20 23 24 25 26 28 29 32 
35 23 4 20 5 7 8 9 10 11 12 14 15 16 17 18 19 22 23 27 28 29 30 32 
36 24 1 28 1 2 3 5 6 7 8 10 11 12 13 15 16 17 18 19 20 21 22 25 27 29 30 31 32 33 34 35 
37 25 1 18 1 2 9 11 12 13 16 17 18 19 20 21 25 28 29 32 34 36 
38 26 3 29 2 3 6 7 8 9 10 11 12 13 14 15 16 17 18 19 20 21 22 23 27 29 30 31 32 33 34 35 37 
39 27 4 24 1 4 5 6 7 10 11 12 13 15 16 17 18 19 20 21 23 29 31 32 35 36 37 38 
40 27 3 20 1 4 5 7 8 10 12 14 18 19 20 21 26 29 30 31 34 36 37 38 
41 28 2 24 1 2 3 5 12 17 18 19 21 22 23 24 25 26 27 28 30 31 33 34 35 36 38 39 
42 29 1 25 1 2 5 6 9 11 12 13 14 16 18 19 23 24 26 29 31 32 33 34 36 37 38 39 41 
43 30 6 31 1 2 3 7 8 10 11 12 13 14 15 16 18 21 22 23 25 26 27 28 29 30 31 33 35 36 37 38 39 41 42 
44 31 11 28 1 4 6 8 9 12 13 14 15 16 17 18 20 21 22 24 25 26 29 30 32 33 36 37 39 40 41 43 
45 32 3 31 1 2 6 7 8 9 10 12 13 15 19 20 21 22 24 25 26 29 30 31 33 34 35 36 38 39 40 41 42 43 44 
46 33 13 33 1 3 5 6 8 9 11 12 14 15 16 17 18 19 20 22 23 24 25 27 28 30 33 34 35 37 38 39 41 42 43 44 45 
47 34 9 30 1 2 4 7 8 11 13 14 16 17 18 19 21 22 26 27 28 29 30 31 32 33 34 35 38 39 40 42 43 46 
48 35 23 32 1 2 5 6 7 8 9 10 12 13 15 16 17 19 20 21 23 25 26 28 29 30 31 32 33 34 36 39 42 44 45 47 
49 36 4 36 1 3 4 5 6 7 8 9 10 11 12 13 14 15 16 17 18 19 21 24 26 27 28 29 32 36 38 39 40 41 42 43 44 46 47 48 
50 36 11 30 1 2 5 6 8 9 11 12 13 14 15 18 19 22 23 25 26 28 29 33 36 37 38 39 41 42 44 45 46 48 
