50 20
1 0 5 0 
2 0 4 0 
3 0 14 0 
4 0 11 0 
5 0 7 0 
6 0 5 0 
7 0 5 0 
8 0 4 0 
9 0 5 0 
10 0 6 0 
11 0 5 0 
12 0 9 0 
13 1 13 3 6 9 10 
14 1 13 1 6 
15 1 12 2 5 12 
16 1 4 1 4 
17 1 7 1 2 
18 1 11 3 3 7 9 
19 1 7 3 2 6 11 
20 1 6 3 2 5 12 
21 1 5 3 6 7 12 
22 2 5 5 2 5 6 12 19 
23 2 13 5 4 10 13 17 21 
24 2 7 4 5 7 11 16 
25 2 5 4 2 3 15 20 
26 2 7 4 9 14 17 20 
27 2 11 4 10 14 15 21 
28 2 15 3 4 18 21 
29 2 6 6 5 6 11 12 19 20 
30 3 11 5 4 11 12 19 24 
31 3 7 8 5 8 13 14 15 22 26 29 
32 3 5 3 3 27 29 
33 3 5 5 1 8 10 21 28 
34 3 10 7 2 7 9 14 16 21 22 
35 3 7 6 3 11 15 19 24 29 
36 3 6 10 1 4 7 8 9 11 20 21 22 27 
37 3 5 9 4 9 14 15 18 22 24 26 27 
38 3 10 7 2 3 4 12 17 23 26 
39 3 6 6 3 13 17 22 23 24 
40 3 6 8 1 2 3 15 19 22 23 26 
41 4 4 16 6 8 9 13 15 20 21 23 27 29 30 33 34 35 37 39 
42 4 14 7 3 8 9 13 18 30 32 
43 4 8 13 1 4 7 9 11 23 24 25 29 31 32 36 38 
44 4 7 10 4 8 11 12 13 17 24 28 30 31 
45 4 5 12 6 8 10 13 17 21 27 29 33 34 36 37 
46 4 6 11 3 10 12 19 23 24 29 30 33 34 39 
47 4 14 12 1 15 17 18 26 27 28 29 31 34 36 39 
48 4 7 15 3 4 5 9 10 13 14 15 19 20 24 34 36 38 39 
49 4 5 8 1 19 23 26 32 36 37 39 
50 4 14 7 1 2 3 11 15 22 39 
