50 20
1 0 6 0 
2 0 18 0 
3 0 13 0 
4 1 16 2 1 3 
5 1 2 1 3 
6 0 9 0 
7 0 5 0 
8 1 27 1 1 
9 2 12 1 8 
10 3 9 1 9 
11 3 24 5 1 3 4 5 9 
12 1 5 2 1 6 
13 4 12 3 7 10 12 
14 2 6 2 4 6 
15 4 17 7 2 4 7 8 11 12 14 
16 5 13 2 3 15 
17 2 7 2 8 12 
18 2 2 2 3 8 
19 4 1 2 7 11 
20 3 1 2 1 14 
21 5 33 5 7 13 14 15 20 
22 4 5 5 4 6 11 17 18 
23 6 13 6 4 13 14 15 16 22 
24 0 5 0 
25 5 19 5 5 11 18 20 22 
26 7 16 4 12 16 22 23 
27 8 4 3 11 25 26 
28 9 6 5 15 18 23 26 27 
29 7 15 4 4 14 15 23 
30 8 2 5 7 8 16 18 29 
31 9 4 5 3 8 18 25 27 
32 8 3 4 8 12 24 26 
33 9 11 6 3 4 5 11 25 27 
34 8 8 7 2 3 7 14 22 24 29 
35 10 7 8 4 5 7 9 10 29 30 31 
36 10 6 4 2 18 27 28 
37 11 7 5 6 10 13 31 35 
38 10 14 4 6 18 20 28 
39 11 1 8 2 3 5 6 19 30 32 35 
40 12 8 9 2 3 9 11 20 22 33 36 37 
41 13 18 7 8 11 19 21 24 26 40 
42 11 23 6 1 2 16 17 25 38 
43 14 14 10 6 7 24 25 26 30 33 37 41 42 
44 10 10 6 1 3 8 12 22 31 
45 15 18 6 2 11 26 28 32 43 
46 15 1 9 2 4 19 21 22 24 29 37 43 
47 15 5 9 5 14 15 24 26 28 31 40 43 
48 16 7 14 2 3 6 7 10 13 15 24 25 26 42 43 46 47 
49 17 12 9 15 23 27 29 34 35 45 47 48 
50 17 18 10 7 8 13 19 23 33 40 43 45 48 
