50 20
1 0 8 0 
2 0 18 0 
3 0 10 0 
4 0 3 0 
5 0 5 0 
6 0 4 0 
7 0 11 0 
8 0 16 0 
9 1 18 2 1 2 
10 0 1 0 
11 0 10 0 
12 0 18 0 
13 1 11 2 2 5 
14 1 10 1 1 
15 0 5 0 
16 0 8 0 
17 1 19 1 4 
18 0 2 0 
19 0 2 0 
20 1 12 1 7 
21 0 3 0 
22 2 2 4 1 6 9 13 
23 1 14 1 21 
24 1 18 4 2 5 8 11 
25 0 12 0 
26 1 19 1 18 
27 2 17 1 17 
28 2 17 6 5 13 14 17 18 21 
29 2 18 4 2 3 13 19 
30 1 17 3 3 18 21 
31 1 5 2 5 6 
32 2 4 4 1 7 21 24 
33 1 8 4 3 7 21 25 
34 2 2 5 2 3 4 13 18 
35 3 7 3 10 14 22 
36 2 1 2 2 13 
37 2 14 3 1 14 17 
38 2 13 3 1 9 30 
39 1 13 2 4 7 
40 3 19 4 10 12 22 25 
41 3 11 4 1 7 27 28 
42 4 3 7 16 20 25 26 31 40 41 
43 3 17 3 27 33 38 
44 2 8 2 13 33 
45 2 5 4 12 13 23 30 
46 1 20 3 1 11 15 
47 2 9 3 15 16 24 
48 2 3 5 10 13 14 23 26 
49 3 2 5 3 15 21 22 32 
50 4 16 4 6 13 15 35 
