50 20
1 0 23 0 
2 0 15 0 
3 1 24 1 2 
4 1 16 1 2 
5 2 38 3 1 3 4 
6 3 21 4 1 3 4 5 
7 4 3 4 1 2 4 6 
8 4 8 5 1 3 4 5 6 
9 5 17 8 1 2 3 4 5 6 7 8 
10 6 5 7 1 2 4 6 7 8 9 
11 7 6 6 1 3 7 8 9 10 
12 8 3 10 1 2 3 4 5 6 7 9 10 11 
13 9 4 11 1 2 3 4 5 6 7 8 9 10 12 
14 9 1 8 1 2 4 6 8 9 11 12 
15 10 19 9 2 3 4 5 6 7 10 11 14 
16 10 14 11 1 2 3 6 7 8 10 11 12 13 14 
17 11 2 12 1 2 3 5 6 7 8 9 13 14 15 16 
18 12 33 14 1 2 3 4 5 8 9 10 12 13 14 15 16 17 
19 13 1 15 1 2 3 4 5 6 8 9 10 11 12 13 14 15 18 
20 14 13 17 1 2 3 4 6 7 8 9 10 11 12 13 14 15 16 18 19 
21 14 7 9 1 2 3 6 8 10 15 18 19 
22 15 5 14 1 2 3 4 6 7 8 9 10 11 17 18 19 21 
23 16 6 18 1 2 3 6 7 8 9 10 11 13 14 15 16 18 19 20 21 22 
24 17 3 15 1 4 5 7 8 9 11 13 14 15 19 20 21 22 23 
25 18 1 20 2 3 5 6 7 8 9 10 11 12 13 14 15 16 17 18 20 21 23 24 
26 19 61 18 1 3 5 6 8 10 11 12 14 16 17 18 19 20 21 22 23 25 
27 20 16 21 1 2 3 5 6 7 10 11 12 13 14 15 16 17 18 20 21 22 23 25 26 
28 21 9 18 1 2 3 4 5 7 8 9 10 11 12 15 16 18 22 25 26 27 
29 22 1 22 2 3 5 6 7 8 10 11 12 13 15 16 17 18 19 21 22 23 24 26 27 28 
30 20 13 20 1 2 3 4 5 6 8 10 11 13 14 15 16 17 18 21 22 23 25 26 
31 23 4 22 2 3 4 5 6 7 9 10 12 13 14 17 18 19 21 22 23 24 26 27 29 30 
32 24 6 24 1 3 4 5 6 8 9 10 13 14 15 16 17 19 21 22 23 24 25 26 27 29 30 31 
33 25 6 25 1 3 4 5 6 7 8 9 10 12 13 14 16 17 18 20 21 22 23 25 27 28 30 31 32 
34 26 6 23 2 4 5 6 7 8 9 10 11 12 13 14 17 18 22 23 24 25 26 29 30 31 33 
35 27 18 28 1 2 5 6 7 9 10 11 12 13 14 15 17 19 20 21 22 23 24 25 26 27 29 30 31 32 33 34 
36 28 6 23 1 2 4 5 7 9 10 11 14 15 17 18 20 21 22 23 24 28 30 31 32 33 35 
37 28 6 29 1 3 4 5 6 8 9 11 12 13 14 15 16 17 18 19 21 22 23 24 25 26 27 28 29 30 33 34 35 
38 29 7 23 1 5 6 8 10 12 13 14 15 17 19 20 24 25 27 28 29 31 32 33 35 36 37 
39 30 11 32 1 2 3 4 5 6 7 8 9 10 11 13 17 18 19 20 21 22 23 24 25 26 28 29 30 31 32 33 34 36 37 38 
40 31 16 28 1 2 3 4 5 6 8 9 11 12 13 14 15 16 17 20 22 23 24 25 26 27 30 32 35 36 38 39 
41 30 8 26 1 3 4 5 6 7 8 9 10 13 15 17 18 19 20 21 24 27 28 29 30 31 32 34 35 38 
42 31 8 31 1 2 4 5 6 7 8 11 12 13 14 15 16 17 18 19 20 21 22 23 24 25 26 27 28 29 30 32 34 38 39 
43 32 19 34 1 2 3 4 5 6 7 8 9 10 13 15 16 17 18 19 20 22 23 24 25 26 27 28 30 31 32 33 34 36 37 38 41 42 
44 33 6 32 1 2 3 4 6 7 8 9 11 12 14 15 18 19 20 21 22 23 24 25 27 28 29 32 35 36 37 38 39 40 42 43 
45 34 2 32 1 2 3 5 6 8 9 11 13 14 16 18 19 20 22 23 24 25 28 29 31 32 33 34 35 37 38 39 40 41 42 44 
46 35 7 32 1 2 3 4 5 7 8 11 13 14 15 17 18 19 20 24 25 28 29 30 31 32 34 35 36 38 40 41 42 43 44 45 
47 36 5 36 1 2 3 4 5 6 7 8 9 11 12 13 14 15 17 18 19 20 21 22 23 27 28 29 30 31 32 34 36 38 39 41 43 44 45 46 
48 37 5 33 1 3 5 6 7 9 11 12 14 15 16 17 18 20 21 22 23 24 25 28 30 31 32 35 36 37 39 40 41 44 45 46 47 
49 38 2 35 1 4 5 6 7 8 9 10 11 12 13 14 15 17 20 23 25 26 27 28 29 30 31 33 34 35 36 37 38 41 42 43 46 47 48 
50 39 15 38 1 2 3 4 5 6 7 9 11 13 14 15 16 17 18 19 20 21 22 24 26 28 29 30 31 32 33 34 35 36 39 40 42 44 45 47 48 49 
