50 20
1 0 1 0 
2 0 3 0 
3 0 7 0 
4 1 3 2 1 3 
5 2 6 2 1 4 
6 3 5 2 2 5 
7 0 1 0 
8 0 1 0 
9 3 4 3 2 5 8 
10 0 6 0 
11 2 13 2 3 4 
12 4 5 1 6 
13 0 4 0 
14 4 2 2 9 11 
15 0 1 0 
16 3 4 1 11 
17 1 4 1 8 
18 2 1 2 7 17 
19 4 9 1 6 
20 0 4 0 
21 5 15 2 12 13 
22 4 5 4 4 6 8 15 
23 1 1 2 7 13 
24 2 1 2 3 4 
25 5 1 3 1 2 22 
26 6 9 3 11 15 25 
27 6 2 5 5 7 15 24 25 
28 7 4 2 22 27 
29 6 6 5 7 9 15 21 22 
30 6 19 3 7 22 25 
31 4 6 3 4 16 20 
32 4 4 5 1 3 4 5 16 
33 3 13 2 10 18 
34 7 6 3 18 27 33 
35 6 7 4 16 21 22 33 
36 3 1 4 7 11 18 20 
37 8 2 3 12 31 34 
38 8 8 7 3 9 11 27 28 31 33 
39 9 4 6 12 16 29 32 34 38 
40 6 2 5 4 18 20 25 33 
41 7 4 3 7 32 35 
42 10 1 7 9 22 31 33 34 35 39 
43 11 10 10 2 3 18 19 24 29 34 35 39 42 
44 9 12 9 1 9 21 25 27 28 33 38 41 
45 12 3 9 7 16 24 30 35 36 39 43 44 
46 9 2 8 2 11 17 21 28 32 33 37 
47 12 3 9 12 15 19 20 27 29 32 40 43 
48 7 2 5 13 16 21 24 26 
49 13 4 4 33 42 47 48 
50 12 12 10 1 5 6 18 25 39 40 43 44 48 
