50 20
1 0 5 0 
2 0 14 0 
3 0 9 0 
4 0 1 0 
5 0 16 0 
6 1 7 2 3 5 
7 1 18 1 5 
8 0 3 0 
9 2 10 1 6 
10 3 18 2 6 9 
11 4 1 2 9 10 
12 5 8 1 11 
13 2 1 3 5 6 8 
14 5 9 1 11 
15 5 9 3 9 11 13 
16 2 16 2 1 7 
17 3 15 3 6 9 16 
18 6 6 3 8 9 14 
19 6 4 3 1 3 15 
20 7 5 4 1 3 11 18 
21 6 7 3 5 10 14 
22 4 4 3 7 10 17 
23 7 2 4 1 11 16 19 
24 6 6 3 6 7 14 
25 6 9 6 4 7 8 12 13 22 
26 7 2 4 2 14 17 18 
27 6 10 4 7 14 16 22 
28 3 4 2 4 16 
29 5 3 3 4 10 22 
30 0 4 0 
31 8 7 5 2 6 10 15 23 
32 2 6 1 7 
33 6 15 3 15 17 29 
34 7 17 5 6 21 25 27 28 
35 8 6 3 11 20 21 
36 9 16 5 9 11 17 18 31 
37 5 5 2 8 11 
38 8 6 5 4 8 17 23 28 
39 8 3 3 16 20 32 
40 6 17 2 5 29 
41 8 2 5 9 18 23 25 33 
42 9 7 4 3 12 25 39 
43 7 11 3 8 25 30 
44 3 6 2 4 13 
45 9 8 6 24 32 34 35 38 44 
46 6 9 2 12 32 
47 9 19 3 8 25 35 
48 6 2 2 16 29 
49 10 4 3 21 41 45 
50 11 9 3 1 17 49 
