50 20
1 0 19 0 
2 0 4 0 
3 1 3 1 2 
4 1 1 2 1 2 
5 2 3 1 3 
6 2 2 1 3 
7 3 17 3 1 4 5 
8 2 2 2 2 4 
9 4 1 2 2 7 
10 5 6 7 1 2 3 4 7 8 9 
11 2 34 2 1 3 
12 4 16 4 3 7 8 11 
13 5 3 7 1 2 3 7 8 9 11 
14 5 6 7 1 2 4 5 6 7 9 
15 6 2 7 1 2 4 5 6 12 13 
16 7 5 6 3 4 5 6 14 15 
17 8 8 9 1 3 5 7 9 11 13 14 16 
18 9 1 6 3 4 7 12 16 17 
19 9 8 5 2 6 12 13 17 
20 10 4 7 3 4 11 13 14 17 18 
21 9 20 6 4 5 8 12 14 17 
22 10 9 8 2 3 4 8 11 12 14 18 
23 11 22 11 1 7 8 10 11 12 13 16 17 19 20 
24 11 12 11 1 5 9 10 12 13 14 16 18 20 21 
25 10 6 6 1 2 3 11 15 18 
26 12 37 11 4 5 7 8 9 10 12 17 19 20 23 
27 13 1 13 1 3 5 8 11 12 15 16 18 19 22 25 26 
28 11 9 8 1 7 9 13 16 17 18 20 
29 12 16 13 3 6 9 10 11 12 17 19 21 23 24 25 28 
30 14 9 13 1 6 11 12 14 16 17 18 20 22 23 24 27 
31 14 44 13 2 3 8 9 10 11 15 18 19 24 25 26 27 
32 14 1 12 2 7 8 10 13 18 20 22 23 25 26 27 
33 15 8 17 1 3 5 6 8 9 14 16 17 19 20 22 23 25 28 29 30 
34 16 2 12 1 8 11 12 14 19 22 23 24 25 29 33 
35 17 10 18 1 2 4 6 11 13 14 16 17 18 21 24 26 29 30 31 33 34 
36 17 1 17 1 3 5 6 7 8 10 11 17 21 23 25 29 31 32 33 34 
37 18 2 15 6 8 12 14 17 19 22 23 26 28 29 32 34 35 36 
38 19 23 18 1 4 5 7 9 13 14 17 18 19 20 21 24 28 33 34 36 37 
39 17 12 14 2 4 7 12 14 16 19 22 23 28 30 32 33 34 
40 20 11 19 3 4 5 7 8 11 13 15 20 23 24 25 26 28 30 31 32 38 39 
41 19 1 20 1 2 5 7 10 11 12 14 18 19 22 23 24 27 29 31 34 36 37 39 
42 21 4 16 2 4 12 16 20 22 23 24 26 28 29 31 32 34 40 41 
43 21 5 18 2 3 6 9 10 13 14 20 22 25 28 29 30 32 34 38 40 41 
44 22 2 16 2 3 6 8 11 14 23 24 26 27 28 37 39 40 41 42 
45 22 4 18 2 5 7 9 10 14 17 19 22 24 28 32 33 34 35 36 37 43 
46 23 6 17 1 2 6 9 24 25 28 29 32 33 35 37 38 41 42 44 45 
47 23 6 22 1 2 3 6 10 12 13 16 22 23 25 26 28 29 30 33 36 37 38 42 43 45 
48 23 2 19 1 3 6 7 9 11 14 17 23 26 28 29 31 32 35 36 40 42 44 
49 24 18 25 1 3 6 9 10 11 13 14 16 17 21 22 23 24 27 29 33 34 35 36 38 44 45 46 47 
50 24 3 16 1 6 7 9 11 17 19 20 22 26 30 31 35 37 42 48 
