50 20
1 0 9 0 
2 0 2 0 
3 1 9 1 2 
4 2 9 1 3 
5 2 1 2 1 3 
6 3 5 4 1 2 3 4 
7 3 8 4 2 3 4 5 
8 4 9 4 1 2 6 7 
9 4 5 4 1 2 5 7 
10 5 1 5 1 2 3 8 9 
11 6 3 6 2 3 4 8 9 10 
12 7 9 8 1 2 3 6 7 9 10 11 
13 8 4 8 1 2 3 4 7 10 11 12 
14 9 9 6 4 6 8 9 11 13 
15 9 6 7 2 3 5 7 10 12 13 
16 10 10 9 1 7 8 9 10 11 12 13 14 
17 11 6 10 1 3 4 7 9 11 12 13 15 16 
18 12 8 13 1 2 4 6 7 9 10 11 12 13 14 16 17 
19 13 7 9 1 5 6 7 12 13 14 17 18 
20 14 1 12 3 4 7 9 10 11 12 14 15 17 18 19 
21 15 5 13 1 3 5 7 8 10 11 14 16 17 18 19 20 
22 13 5 10 1 5 6 9 11 12 13 15 17 18 
23 16 7 15 1 4 6 7 8 9 10 11 13 15 16 17 19 21 22 
24 15 2 13 1 4 6 7 8 10 11 13 15 16 18 20 22 
25 16 9 17 1 2 4 7 8 9 10 11 12 13 14 15 17 18 19 20 24 
26 17 4 14 1 5 6 7 9 10 11 13 15 16 17 19 23 24 
27 17 1 15 2 4 8 10 11 12 13 14 15 16 17 18 19 20 25 
28 18 3 19 1 2 4 6 7 9 10 11 12 13 15 16 17 19 20 22 24 26 27 
29 19 3 16 2 3 4 11 13 14 15 16 17 18 20 21 23 24 25 28 
30 20 2 19 1 2 5 7 8 10 11 12 13 15 17 18 19 21 22 23 24 28 29 
31 21 6 15 3 5 6 10 11 12 15 18 20 24 25 26 27 29 30 
32 18 5 16 1 2 3 6 7 9 11 13 14 15 16 17 19 20 21 27 
33 21 9 23 1 3 4 7 8 9 10 11 14 15 16 17 19 20 21 22 23 25 26 27 28 29 30 
34 22 1 20 1 4 5 7 8 9 11 13 15 17 18 19 22 23 24 25 27 29 31 33 
35 23 6 18 2 3 5 6 9 10 14 16 18 20 21 23 25 26 29 30 31 34 
36 23 8 17 3 4 5 7 8 10 11 12 14 18 21 25 27 28 30 31 34 
37 24 3 20 3 6 7 8 10 12 13 15 16 17 18 19 20 22 23 27 28 30 35 36 
38 24 3 19 1 3 4 8 10 12 15 16 18 19 21 23 25 26 27 28 30 34 36 
39 25 2 23 2 3 5 6 11 12 14 15 16 18 19 20 23 26 27 28 29 32 33 34 35 36 37 
40 26 5 20 1 2 3 4 5 8 13 15 16 20 23 25 27 29 30 32 34 36 37 39 
41 27 9 24 2 4 7 9 10 11 12 13 14 15 16 17 18 20 22 24 25 29 31 33 34 36 37 40 
42 26 7 18 2 4 5 6 7 20 21 22 24 25 27 30 31 33 34 35 38 39 
43 28 8 26 1 3 4 5 6 9 11 12 14 15 16 18 20 23 24 27 28 29 30 31 32 35 38 40 41 42 
44 29 9 16 3 4 6 11 12 14 15 18 19 26 27 33 36 38 42 43 
45 30 3 26 2 3 5 6 7 8 11 12 14 15 16 17 20 21 25 26 27 28 31 32 38 40 41 42 43 44 
46 31 7 22 2 3 5 7 11 14 16 17 18 22 23 25 28 29 30 32 34 35 39 40 43 45 
47 32 9 24 2 4 8 10 11 12 14 15 17 19 20 22 25 26 29 30 32 33 34 39 40 42 44 46 
48 33 9 27 1 2 7 9 10 11 12 13 16 19 21 24 26 28 29 31 32 33 34 35 37 38 39 41 44 46 47 
49 34 10 25 4 10 11 12 13 14 15 16 18 19 20 22 26 28 29 31 32 34 35 38 40 41 44 45 48 
50 34 8 26 1 3 6 9 11 15 16 17 18 21 23 25 28 29 31 32 33 36 37 38 39 40 44 45 46 48 
