50 20
1 0 3 0 
2 0 3 0 
3 1 7 2 1 2 
4 1 1 1 2 
5 1 5 1 2 
6 2 3 1 4 
7 0 4 0 
8 3 2 3 2 6 7 
9 4 4 1 8 
10 5 1 3 4 8 9 
11 5 1 3 4 8 9 
12 6 11 1 11 
13 4 2 4 2 4 6 8 
14 7 1 3 1 9 12 
15 6 2 5 4 6 8 9 11 
16 6 14 3 1 11 13 
17 8 1 8 3 4 5 6 10 11 13 14 
18 9 3 4 3 5 14 17 
19 10 2 7 1 3 5 6 8 16 18 
20 9 7 5 3 9 10 11 17 
21 10 2 5 1 5 9 15 18 
22 11 13 11 4 5 6 8 10 13 16 17 18 19 21 
23 11 4 8 1 3 4 5 14 15 16 21 
24 11 6 5 2 5 12 19 21 
25 12 8 5 4 15 17 21 24 
26 13 3 6 4 8 16 18 24 25 
27 13 5 12 1 3 4 5 15 18 19 21 22 23 24 25 
28 14 6 8 4 6 15 16 20 25 26 27 
29 10 2 5 6 8 12 13 20 
30 14 1 9 5 6 7 8 11 17 19 24 27 
31 15 2 11 3 12 14 15 16 17 20 21 22 23 28 
32 14 1 8 6 7 10 15 21 24 26 29 
33 16 4 14 2 3 4 5 7 10 13 14 16 17 18 26 27 31 
34 17 3 9 9 15 18 20 22 26 27 29 33 
35 16 9 9 4 12 19 20 22 27 28 30 31 
36 15 3 11 1 4 6 11 12 16 23 24 25 27 30 
37 15 5 9 4 8 14 22 23 24 25 28 29 
38 16 3 10 4 6 7 8 12 15 23 24 27 31 
39 16 6 18 1 3 5 6 7 10 11 12 15 18 22 23 24 27 28 32 36 37 
40 15 1 7 1 9 15 17 21 23 32 
41 18 15 10 4 7 11 23 27 28 31 32 34 40 
42 17 3 13 3 7 12 14 16 22 24 32 33 35 36 37 39 
43 17 8 17 1 7 8 13 17 18 20 22 24 26 27 28 32 33 37 38 39 
44 19 4 16 1 6 7 13 14 15 16 18 20 21 25 27 30 31 33 41 
45 20 2 18 5 6 7 8 11 15 17 20 21 25 26 27 32 34 36 37 41 44 
46 21 1 15 1 9 10 14 15 17 22 25 29 30 31 32 35 39 45 
47 21 7 14 3 6 8 11 16 18 23 24 29 30 37 42 43 45 
48 22 9 17 7 8 9 12 13 15 24 25 27 31 34 35 37 40 42 44 46 
49 23 6 16 1 3 5 6 7 12 18 24 25 29 36 40 41 42 46 48 
50 23 4 13 2 5 12 13 19 23 24 31 37 39 40 47 48 
