50 20
1 0 7 0 
2 0 6 0 
3 0 4 0 
4 0 9 0 
5 0 1 0 
6 0 7 0 
7 0 6 0 
8 0 3 0 
9 0 4 0 
10 0 4 0 
11 0 20 0 
12 0 2 0 
13 0 5 0 
14 1 5 5 2 3 4 5 12 
15 1 5 4 2 3 8 10 
16 1 6 6 1 3 4 8 12 13 
17 1 11 8 1 3 4 7 8 9 11 13 
18 1 2 5 2 3 5 8 13 
19 1 9 6 1 2 3 5 12 13 
20 1 14 3 2 5 11 
21 1 15 5 4 5 6 9 11 
22 2 10 11 1 3 7 8 9 11 12 15 17 18 20 
23 2 17 7 1 2 3 7 16 17 20 
24 2 4 9 1 3 5 8 9 10 13 14 18 
25 3 20 14 3 5 6 7 8 11 14 17 18 19 21 22 23 24 
26 3 3 15 1 3 4 6 7 9 11 12 13 15 16 17 19 22 23 
27 3 11 10 2 6 8 10 12 16 17 21 22 24 
28 3 2 9 3 6 8 12 15 17 21 23 24 
29 3 16 12 2 3 5 6 7 12 13 18 19 21 22 24 
30 3 2 11 3 4 5 6 8 9 10 13 17 21 22 
31 3 16 14 1 2 3 4 6 9 10 14 15 18 20 21 22 23 
32 2 17 11 1 3 4 6 9 12 14 15 18 19 20 
33 3 19 11 2 5 7 9 10 11 18 19 20 23 24 
34 3 7 13 2 5 7 9 10 12 13 15 19 20 21 22 23 
35 4 15 17 1 3 4 5 8 13 14 15 16 17 18 19 22 23 24 30 34 
36 4 5 20 1 2 3 4 5 8 9 10 11 12 14 19 21 22 23 28 29 31 32 34 
37 4 13 16 1 5 7 12 13 14 15 16 19 20 22 25 26 27 28 32 
38 4 15 16 5 8 10 11 12 17 18 21 23 25 26 28 29 31 32 33 
39 4 10 16 2 4 5 7 8 10 11 12 15 20 24 25 28 30 31 34 
40 4 3 15 2 5 6 8 9 15 16 18 19 20 22 23 24 27 30 
41 4 4 16 1 2 3 6 7 8 9 10 11 15 18 21 22 25 26 33 
42 4 16 15 8 11 12 14 21 22 23 24 25 26 27 28 29 30 31 
43 4 4 17 1 2 5 6 7 8 10 11 12 13 18 19 21 22 30 33 34 
44 4 19 16 2 5 7 9 10 17 18 20 24 25 26 28 29 30 32 33 
45 4 10 11 5 7 13 15 17 18 24 25 27 29 32 
46 4 13 17 1 2 3 5 8 10 12 13 15 16 17 19 20 21 23 25 33 
47 4 8 19 1 4 6 7 8 10 11 12 13 15 16 17 19 22 25 26 28 33 34 
48 4 7 18 2 3 4 7 8 12 15 17 18 19 20 21 22 27 30 31 33 34 
49 4 18 16 1 2 3 7 10 13 14 15 16 17 20 24 27 29 30 31 
50 4 16 16 1 6 8 9 13 15 16 18 19 20 24 25 31 32 33 34 
