50 20
1 0 1 0 
2 0 1 0 
3 0 10 0 
4 0 4 0 
5 0 5 0 
6 0 7 0 
7 0 2 0 
8 0 7 0 
9 1 5 2 2 4 
10 1 10 2 1 3 
11 0 5 0 
12 1 3 1 3 
13 0 2 0 
14 1 7 2 3 7 
15 0 6 0 
16 1 5 1 1 
17 1 4 1 8 
18 1 7 2 6 7 
19 1 2 1 3 
20 0 4 0 
21 0 7 0 
22 1 10 1 4 
23 2 10 3 2 6 19 
24 2 1 1 14 
25 1 10 1 3 
26 2 10 3 4 8 14 
27 2 4 3 7 16 17 
28 2 9 4 3 8 11 14 
29 0 4 0 
30 2 5 5 4 5 10 16 22 
31 1 1 2 13 20 
32 2 6 3 8 12 17 
33 3 8 6 5 13 14 18 22 28 
34 3 6 2 24 25 
35 0 8 0 
36 2 3 3 11 18 25 
37 3 8 3 3 26 31 
38 0 1 0 
39 2 5 4 7 17 25 29 
40 3 6 4 12 16 28 30 
41 4 7 5 11 12 24 34 36 
42 3 1 3 25 27 35 
43 3 3 3 1 32 39 
44 0 8 0 
45 2 10 2 6 25 
46 4 4 6 2 6 11 13 33 38 
47 4 5 5 2 31 35 36 40 
48 3 3 3 3 5 26 
49 3 2 6 2 16 26 32 35 39 
50 2 8 2 10 20 
