50 20
1 0 4 0 
2 0 4 0 
3 0 6 0 
4 0 2 0 
5 0 1 0 
6 0 1 0 
7 0 4 0 
8 0 7 0 
9 0 3 0 
10 0 6 0 
11 1 1 6 4 5 7 8 9 10 
12 1 8 6 1 3 4 7 9 10 
13 1 2 7 1 2 3 4 6 7 9 
14 1 3 4 1 5 6 9 
15 1 3 7 2 3 4 5 6 9 10 
16 1 9 8 1 2 4 5 6 7 8 9 
17 1 7 7 1 3 5 7 8 9 10 
18 1 9 5 3 4 5 6 10 
19 1 1 5 1 3 6 8 10 
20 1 6 6 2 4 5 6 7 9 
21 1 3 6 2 4 5 8 9 10 
22 1 7 5 1 2 4 9 10 
23 1 6 3 1 6 9 
24 2 2 11 5 7 8 12 14 15 16 18 19 20 22 
25 2 2 12 3 4 6 8 9 11 17 18 19 20 21 22 
26 2 2 13 1 2 3 7 8 9 10 13 16 17 18 19 21 
27 2 6 15 1 2 3 4 5 7 8 9 14 16 17 18 20 21 23 
28 2 2 13 1 2 3 5 6 7 8 12 17 18 20 22 23 
29 2 5 15 2 3 4 5 7 8 9 13 14 16 17 18 21 22 23 
30 2 12 16 1 2 4 5 7 8 9 10 11 12 16 17 19 20 22 23 
31 3 3 17 2 3 4 7 10 11 14 15 18 20 21 22 25 27 28 29 30 
32 3 7 18 1 2 3 5 6 7 8 11 12 14 18 19 21 22 24 25 26 28 
33 3 1 18 2 4 5 6 7 8 9 11 12 13 14 16 20 24 26 27 28 30 
34 3 6 12 3 5 7 9 14 16 17 25 26 27 28 29 
35 3 8 16 1 3 5 6 8 11 12 16 17 19 21 22 23 27 28 30 
36 3 2 19 1 4 5 6 7 8 9 10 11 12 15 16 17 19 22 23 24 26 27 
37 3 4 16 1 2 3 4 5 6 7 8 12 14 15 16 18 23 27 30 
38 3 1 12 1 3 5 6 11 14 17 20 22 24 25 27 
39 3 5 16 2 3 5 7 8 9 10 13 14 15 17 18 19 21 25 30 
40 4 7 31 1 2 3 5 8 9 11 12 13 14 15 16 17 18 19 20 21 22 23 24 25 26 28 29 31 32 33 34 35 38 39 
41 4 4 26 1 3 4 5 8 10 11 13 15 16 17 18 19 20 22 23 24 25 26 27 28 29 30 31 34 36 
42 4 2 27 1 2 3 4 5 6 7 8 9 10 11 12 13 14 15 16 17 21 26 28 29 30 31 32 34 35 39 
43 4 1 25 1 3 4 7 9 12 13 14 15 19 20 22 23 24 25 27 28 29 30 31 32 35 36 37 39 
44 4 2 28 1 2 4 5 6 9 10 11 12 13 14 15 16 17 21 23 24 25 28 29 30 31 32 34 35 36 37 39 
45 4 5 25 1 2 6 8 9 12 15 16 17 18 19 20 21 22 24 26 27 28 30 31 32 33 35 37 39 
46 4 2 23 1 2 4 5 7 10 11 13 16 17 18 19 20 21 22 24 25 29 31 32 33 36 37 
47 4 5 23 3 5 8 9 10 11 12 13 17 19 20 21 23 25 26 29 31 32 34 35 36 37 38 
48 4 16 26 1 2 4 6 7 9 11 12 13 15 16 17 18 21 22 25 26 28 29 30 32 34 36 37 38 39 
49 4 5 28 1 2 5 7 8 11 13 14 15 16 17 18 19 20 21 22 25 28 29 30 31 32 33 34 35 36 37 39 
50 4 1 30 1 2 3 4 5 6 7 9 10 11 12 13 15 18 19 20 22 23 24 26 28 29 30 31 32 33 34 35 37 39 
