50 20
1 0 19 0 
2 0 27 0 
3 0 7 0 
4 0 8 0 
5 0 10 0 
6 0 7 0 
7 0 3 0 
8 0 4 0 
9 1 6 5 1 2 3 5 7 
10 1 3 4 2 3 6 8 
11 1 11 6 1 2 4 5 6 7 
12 1 50 7 1 3 4 5 6 7 8 
13 1 11 4 1 2 4 5 
14 1 31 6 1 2 3 4 5 8 
15 1 2 5 1 3 5 6 8 
16 1 5 4 4 5 6 8 
17 1 7 5 1 2 4 6 8 
18 1 6 5 4 5 6 7 8 
19 1 13 5 2 3 4 7 8 
20 1 20 6 1 2 3 4 5 7 
21 1 3 3 3 6 8 
22 1 15 6 1 2 4 5 6 8 
23 1 1 7 1 2 3 4 6 7 8 
24 1 5 3 4 5 8 
25 1 7 3 3 6 7 
26 2 10 15 2 3 6 8 9 10 13 14 15 16 17 18 22 23 25 
27 2 8 14 2 3 5 7 9 11 13 15 16 17 19 20 21 22 
28 2 2 15 4 5 6 8 9 10 11 15 16 17 21 22 23 24 25 
29 2 17 15 1 4 9 10 11 12 13 14 16 17 19 20 23 24 25 
30 2 9 18 1 2 3 4 5 6 7 8 10 13 14 16 17 20 21 22 23 24 
31 2 11 13 3 4 5 7 10 11 12 15 16 17 21 23 24 
32 2 21 9 1 2 5 6 16 17 18 21 25 
33 3 11 19 1 2 3 4 5 8 9 11 15 17 19 21 23 26 28 29 30 31 32 
34 3 5 14 1 3 5 8 11 12 13 17 18 22 27 28 30 32 
35 3 5 22 2 3 5 7 8 9 11 13 14 15 16 17 19 20 23 24 26 27 29 30 31 32 
36 3 1 15 1 2 7 8 9 10 12 13 14 17 18 20 23 29 30 
37 3 1 20 2 5 7 8 9 10 11 13 14 15 16 17 18 19 20 22 24 26 29 30 
38 3 17 21 3 4 6 7 8 9 11 13 14 15 16 17 19 20 23 25 26 27 29 30 32 
39 3 14 18 4 5 8 10 12 13 15 16 18 19 20 22 24 25 26 28 29 30 
40 3 10 24 1 3 4 6 7 8 9 11 13 14 17 18 19 20 21 23 24 26 27 28 29 30 31 32 
41 4 9 22 1 2 4 6 7 8 9 10 11 15 17 19 23 25 27 28 29 31 32 34 36 39 
42 4 13 20 3 8 9 11 12 15 16 17 18 19 20 22 24 25 26 30 31 34 35 38 
43 4 19 22 1 3 4 5 6 11 12 15 17 18 19 21 22 25 26 29 30 33 35 36 37 40 
44 4 13 24 2 3 4 6 7 8 9 13 14 15 16 17 19 20 21 25 26 29 31 32 33 37 38 40 
45 4 9 27 2 3 5 8 9 10 11 12 13 14 15 16 19 22 23 24 25 26 27 28 29 34 35 36 37 38 39 
46 4 10 24 1 2 4 5 7 9 11 12 15 16 17 18 21 24 25 26 28 29 32 34 35 36 38 39 
47 4 21 25 1 3 7 8 9 10 12 13 14 17 18 19 20 21 24 26 27 29 31 34 35 36 37 39 40 
48 4 22 27 1 2 3 4 5 6 7 8 9 11 12 16 21 22 24 25 27 28 29 30 31 32 33 34 35 36 38 
49 4 7 23 1 6 7 8 10 15 16 17 18 21 22 23 24 25 26 27 28 29 31 32 35 36 38 
50 4 12 25 1 2 3 5 6 7 9 10 11 17 19 20 21 22 23 26 28 30 32 33 34 35 37 38 39 
