50 20
1 0 10 0 
2 0 33 0 
3 1 6 1 2 
4 0 1 0 
5 0 3 0 
6 1 5 1 4 
7 0 17 0 
8 0 7 0 
9 0 5 0 
10 1 5 1 9 
11 1 6 1 9 
12 0 9 0 
13 0 20 0 
14 1 2 1 7 
15 0 2 0 
16 0 19 0 
17 0 11 0 
18 1 8 1 8 
19 0 2 0 
20 2 8 1 6 
21 0 39 0 
22 1 4 1 7 
23 1 13 1 12 
24 2 6 1 22 
25 0 5 0 
26 3 48 1 24 
27 0 4 0 
28 1 8 3 2 16 19 
29 2 10 3 3 5 11 
30 0 4 0 
31 0 2 0 
32 1 16 1 4 
33 1 16 1 1 
34 0 22 0 
35 2 3 2 1 6 
36 1 9 3 9 15 25 
37 0 8 0 
38 0 29 0 
39 2 6 4 3 5 6 37 
40 0 7 0 
41 2 13 2 1 18 
42 2 6 3 11 16 18 
43 0 4 0 
44 1 17 1 37 
45 3 24 6 8 9 17 20 36 39 
46 3 22 1 39 
47 1 5 2 15 34 
48 2 7 2 34 44 
49 2 3 4 2 3 23 43 
50 1 13 1 21 
