50 20
1 0 11 0 
2 0 4 0 
3 0 6 0 
4 0 19 0 
5 0 7 0 
6 0 3 0 
7 0 13 0 
8 0 1 0 
9 1 3 1 2 
10 0 11 0 
11 1 10 1 4 
12 1 7 1 3 
13 0 8 0 
14 0 1 0 
15 1 9 1 7 
16 1 5 3 1 6 8 
17 1 8 1 7 
18 1 8 1 4 
19 2 7 3 8 10 12 
20 2 7 2 14 16 
21 1 8 3 3 6 14 
22 2 3 2 10 12 
23 1 6 2 5 7 
24 1 5 2 7 13 
25 1 14 1 8 
26 2 11 1 15 
27 2 13 1 15 
28 2 7 2 2 9 
29 2 5 2 13 17 
30 0 15 0 
31 3 9 5 3 12 14 19 25 
32 3 1 5 4 8 16 19 25 
33 2 13 2 13 24 
34 1 11 3 1 6 13 
35 1 5 1 5 
36 3 20 4 9 12 18 20 
37 3 2 3 1 28 30 
38 2 16 4 3 13 15 25 
39 3 10 2 14 19 
40 2 2 1 17 
41 4 5 3 6 7 39 
42 4 5 8 5 8 12 17 23 25 28 32 
43 3 6 3 8 25 33 
44 3 17 2 6 26 
45 4 8 3 20 37 39 
46 2 5 1 16 
47 2 3 2 8 11 
48 4 9 3 16 22 39 
49 4 8 8 3 4 8 25 32 33 35 37 
50 3 7 2 4 19 
