50 20
1 0 17 0 
2 0 2 0 
3 0 4 0 
4 0 5 0 
5 1 9 1 3 
6 2 3 1 5 
7 0 10 0 
8 0 2 0 
9 1 9 1 1 
10 0 7 0 
11 1 2 1 7 
12 0 2 0 
13 2 2 1 5 
14 2 1 2 9 11 
15 3 2 2 8 13 
16 3 1 2 11 13 
17 1 8 1 1 
18 4 2 2 5 15 
19 3 1 2 1 13 
20 2 15 1 11 
21 1 13 1 7 
22 1 10 2 2 8 
23 2 13 3 12 21 22 
24 4 4 3 9 15 20 
25 2 17 4 1 5 11 22 
26 2 2 2 3 11 
27 5 1 4 1 3 17 18 
28 5 1 4 2 8 16 18 
29 3 4 1 14 
30 3 1 1 23 
31 4 3 2 20 29 
32 5 5 3 1 7 24 
33 2 2 2 7 17 
34 6 2 2 16 27 
35 5 18 5 9 10 18 19 26 
36 3 4 2 12 33 
37 3 2 2 13 25 
38 4 3 2 17 19 
39 6 7 1 32 
40 4 19 5 3 12 13 16 37 
41 2 3 1 5 
42 1 13 1 10 
43 5 1 4 18 22 29 31 
44 3 6 5 1 7 11 20 23 
45 7 16 7 3 6 7 8 17 19 39 
46 6 1 4 2 27 40 43 
47 6 6 3 8 32 44 
48 5 1 3 1 12 38 
49 4 14 3 10 15 19 
50 6 3 5 3 4 16 42 43 
