50 20
1 0 4 0 
2 1 3 1 1 
3 1 13 1 1 
4 0 3 0 
5 2 4 3 1 3 4 
6 2 15 4 1 2 3 4 
7 3 1 5 1 2 3 4 5 
8 3 6 4 1 2 4 6 
9 4 5 5 2 4 5 6 8 
10 5 4 6 1 2 4 6 7 9 
11 5 3 6 1 2 3 6 8 9 
12 6 3 6 1 2 5 8 9 10 
13 6 1 6 4 6 7 8 10 11 
14 7 9 11 1 2 3 4 5 6 8 9 10 12 13 
15 8 2 9 1 5 7 8 9 10 11 12 14 
16 9 5 9 1 4 6 7 8 9 13 14 15 
17 8 2 8 3 4 7 8 9 10 13 14 
18 9 11 12 1 2 3 7 8 9 10 11 13 14 15 17 
19 9 12 9 2 3 4 6 7 8 10 14 15 
20 10 1 13 1 3 4 5 7 8 10 11 12 13 14 17 18 
21 10 4 7 4 7 10 12 16 17 18 
22 11 5 11 3 5 6 9 12 15 16 18 19 20 21 
23 12 8 12 1 3 4 6 7 8 9 13 15 18 19 22 
24 13 13 17 3 6 7 8 9 10 11 12 14 15 16 17 18 19 20 22 23 
25 11 2 10 1 3 4 5 7 9 10 14 16 21 
26 13 1 13 1 4 5 8 10 12 14 15 16 17 20 21 23 
27 14 8 14 1 2 5 6 7 8 11 14 18 19 21 23 24 25 
28 15 6 16 1 2 3 4 5 6 11 12 14 15 18 19 20 23 24 27 
29 16 1 13 2 3 4 7 8 9 10 12 14 18 21 27 28 
30 17 5 11 1 2 5 6 11 16 19 24 25 26 29 
31 16 7 18 1 4 6 7 8 10 13 15 16 18 19 20 21 22 23 24 26 28 
32 17 7 14 1 2 3 5 6 8 11 18 24 26 27 28 29 31 
33 18 6 18 1 6 7 9 11 12 13 15 18 19 20 22 24 26 27 28 30 31 
34 18 5 18 1 5 7 8 9 13 15 18 19 20 22 25 27 28 29 30 31 32 
35 19 1 17 1 2 6 7 8 11 12 14 15 17 18 24 26 29 30 31 34 
36 17 1 15 2 4 6 8 11 12 13 14 16 18 19 21 22 25 29 
37 19 2 15 2 6 9 10 11 16 17 18 21 23 26 28 29 30 34 
38 20 4 20 2 4 6 7 8 9 10 11 14 15 18 21 22 24 25 28 30 34 36 37 
39 19 1 22 1 6 7 8 9 12 13 14 16 17 19 20 21 23 26 27 30 31 32 33 34 36 
40 20 4 20 2 3 5 6 7 8 10 13 14 16 18 19 20 24 25 26 28 31 37 39 
41 21 2 26 1 2 3 4 9 10 12 13 14 15 16 17 18 19 21 23 24 25 26 27 28 29 30 31 37 40 
42 21 7 24 2 4 5 6 7 9 10 12 13 15 16 19 20 23 26 27 29 32 33 34 35 37 38 40 
43 22 18 22 3 6 8 9 11 12 13 14 15 17 18 22 23 24 30 31 33 34 35 38 41 42 
44 22 7 23 2 4 6 7 8 9 11 12 15 16 20 21 22 28 29 31 34 35 36 37 39 41 42 
45 22 7 25 1 2 3 5 6 7 8 9 11 12 13 14 22 24 26 27 28 29 30 33 34 36 39 40 42 
46 23 5 24 3 5 7 8 9 11 12 18 19 20 22 23 24 25 29 30 31 33 34 35 40 41 44 45 
47 23 3 23 1 4 7 9 12 13 14 17 18 19 22 25 26 28 30 31 32 34 35 36 39 43 44 
48 24 1 21 1 2 5 8 9 10 11 17 18 19 20 23 24 29 30 31 34 41 44 45 46 
49 25 18 20 4 7 14 18 21 23 24 26 30 35 36 37 38 39 40 43 44 45 46 48 
50 23 10 22 6 8 10 13 14 15 20 21 22 24 26 27 28 29 30 35 36 38 40 41 44 45 
