50 20
1 0 11 0 
2 0 4 0 
3 0 11 0 
4 0 12 0 
5 0 8 0 
6 0 10 0 
7 0 9 0 
8 0 14 0 
9 0 12 0 
10 1 7 1 6 
11 1 7 2 4 5 
12 1 8 2 3 8 
13 0 10 0 
14 1 11 2 1 5 
15 0 10 0 
16 1 12 1 8 
17 1 14 3 1 6 9 
18 0 8 0 
19 1 3 2 4 8 
20 1 11 1 6 
21 1 10 1 3 
22 2 9 5 5 12 15 16 17 
23 2 13 3 6 11 18 
24 2 15 5 5 8 11 16 21 
25 2 8 4 13 16 17 21 
26 2 8 6 5 7 11 12 16 19 
27 2 10 7 2 5 6 10 11 12 17 
28 2 14 7 2 3 8 9 11 17 18 
29 1 12 1 7 
30 2 11 2 14 18 
31 2 3 4 1 5 15 16 
32 2 13 5 2 4 14 15 20 
33 2 8 5 6 7 9 10 13 
34 2 11 1 21 
35 2 8 2 14 20 
36 3 9 7 3 5 14 16 23 28 30 
37 3 8 4 1 17 22 27 
38 3 12 3 16 17 33 
39 3 17 5 7 10 13 25 28 
40 3 12 6 9 12 19 25 27 28 
41 3 7 8 5 11 18 19 20 29 32 35 
42 3 14 7 12 21 22 23 28 33 34 
43 3 10 3 19 25 35 
44 3 12 5 10 21 23 26 29 
45 4 7 7 4 8 14 17 25 33 41 
46 3 9 6 8 14 17 21 25 34 
47 4 8 8 5 6 7 11 36 38 39 43 
48 4 13 8 6 8 9 20 31 37 40 42 
49 4 13 7 2 10 15 23 33 39 40 
50 4 7 5 9 14 18 20 41 
