50 20
1 0 9 0 
2 0 5 0 
3 0 6 0 
4 0 6 0 
5 0 15 0 
6 0 14 0 
7 0 11 0 
8 0 6 0 
9 1 4 8 1 2 3 4 5 6 7 8 
10 1 13 8 1 2 3 4 5 6 7 8 
11 1 7 7 2 3 4 5 6 7 8 
12 1 12 8 1 2 3 4 5 6 7 8 
13 1 14 8 1 2 3 4 5 6 7 8 
14 1 6 8 1 2 3 4 5 6 7 8 
15 1 10 8 1 2 3 4 5 6 7 8 
16 1 4 8 1 2 3 4 5 6 7 8 
17 1 13 7 1 2 3 4 5 6 7 
18 1 14 8 1 2 3 4 5 6 7 8 
19 1 5 8 1 2 3 4 5 6 7 8 
20 1 8 8 1 2 3 4 5 6 7 8 
21 2 7 19 1 2 3 4 6 7 8 9 10 11 12 13 14 15 16 17 18 19 20 
22 2 9 19 1 2 3 4 5 6 7 8 9 10 11 12 13 14 16 17 18 19 20 
23 2 10 20 1 2 3 4 5 6 7 8 9 10 11 12 13 14 15 16 17 18 19 20 
24 2 6 19 1 2 3 4 5 6 7 8 9 10 11 12 13 14 15 16 18 19 20 
25 2 6 19 1 2 3 4 5 6 7 8 9 10 11 12 14 15 16 17 18 19 20 
26 2 12 17 1 2 3 4 5 6 7 9 10 12 14 15 16 17 18 19 20 
27 2 7 20 1 2 3 4 5 6 7 8 9 10 11 12 13 14 15 16 17 18 19 20 
28 2 13 19 1 2 3 4 5 6 7 8 9 10 11 12 13 14 15 17 18 19 20 
29 2 10 20 1 2 3 4 5 6 7 8 9 10 11 12 13 14 15 16 17 18 19 20 
30 2 6 19 1 2 3 5 6 7 8 9 10 11 12 13 14 15 16 17 18 19 20 
31 3 11 29 1 2 3 4 5 6 7 8 9 10 11 12 13 14 16 17 18 19 20 21 22 23 24 25 26 27 28 29 30 
32 3 6 28 1 2 3 4 5 6 7 8 9 10 11 12 13 14 15 16 17 18 20 21 22 23 24 26 27 28 29 30 
33 3 15 29 1 2 3 4 5 6 7 8 9 10 11 12 13 14 15 16 17 19 20 21 22 23 24 25 26 27 28 29 30 
34 3 13 26 1 2 3 4 5 6 8 10 11 12 14 15 16 17 18 19 20 21 22 23 24 25 26 27 28 30 
35 3 12 28 1 2 3 4 5 6 7 8 9 10 11 12 13 15 16 17 18 19 21 22 23 24 25 26 27 28 29 30 
36 3 4 28 1 2 3 4 5 6 7 8 9 10 11 12 13 14 17 18 19 20 21 22 23 24 25 26 27 28 29 30 
37 3 8 30 1 2 3 4 5 6 7 8 9 10 11 12 13 14 15 16 17 18 19 20 21 22 23 24 25 26 27 28 29 30 
38 3 4 29 1 2 3 4 5 6 7 8 10 11 12 13 14 15 16 17 18 19 20 21 22 23 24 25 26 27 28 29 30 
39 3 7 30 1 2 3 4 5 6 7 8 9 10 11 12 13 14 15 16 17 18 19 20 21 22 23 24 25 26 27 28 29 30 
40 3 4 29 2 3 4 5 6 7 8 9 10 11 12 13 14 15 16 17 18 19 20 21 22 23 24 25 26 27 28 29 30 
41 3 7 28 1 2 3 5 6 7 8 9 10 11 12 13 14 15 16 17 18 19 20 21 22 23 24 25 26 27 28 29 
42 3 7 29 1 2 3 4 5 6 8 9 10 11 12 13 14 15 16 17 18 19 20 21 22 23 24 25 26 27 28 29 30 
43 4 7 40 1 2 3 4 5 6 7 8 9 10 12 13 14 15 16 17 18 19 20 21 22 23 24 25 26 27 28 30 31 32 33 34 35 36 37 38 39 40 41 42 
44 4 5 41 1 2 3 4 5 6 7 8 9 10 11 12 13 14 15 16 17 18 19 20 21 22 23 24 25 26 27 28 29 30 31 32 33 34 36 37 38 39 40 41 42 
45 4 5 38 1 2 3 4 5 6 8 9 10 11 12 13 14 15 17 18 19 20 21 22 23 24 25 26 27 28 30 31 32 33 34 35 36 37 38 39 40 42 
46 4 12 41 1 2 3 4 5 6 7 8 9 10 11 13 14 15 16 17 18 19 20 21 22 23 24 25 26 27 28 29 30 31 32 33 34 35 36 37 38 39 40 41 42 
47 4 11 41 1 2 3 4 5 6 7 8 9 10 11 12 13 14 15 16 17 18 19 20 21 22 23 24 25 26 28 29 30 31 32 33 34 35 36 37 38 39 40 41 42 
48 4 6 40 1 2 3 4 5 6 7 8 9 11 12 13 14 15 16 17 18 19 20 21 22 23 24 25 26 27 28 29 31 32 33 34 35 36 37 38 39 40 41 42 
49 4 11 39 1 2 3 4 5 6 7 8 9 10 11 12 13 14 15 16 18 19 21 22 23 25 26 27 28 29 30 31 32 33 34 35 36 37 38 39 40 41 42 
50 4 5 40 1 2 3 4 5 6 7 8 9 10 11 12 13 14 15 16 17 19 20 21 22 23 24 25 26 27 28 29 30 31 32 33 34 36 37 38 39 40 41 42 
