50 20
1 0 4 0 
2 0 7 0 
3 0 6 0 
4 1 5 1 2 
5 1 6 1 3 
6 1 10 1 1 
7 1 6 1 3 
8 2 6 1 6 
9 2 4 2 2 6 
10 0 10 0 
11 0 5 0 
12 1 8 1 11 
13 3 5 3 1 8 9 
14 2 6 3 2 3 5 
15 4 6 3 4 6 13 
16 1 15 1 3 
17 4 14 1 13 
18 3 7 2 7 14 
19 2 5 3 1 5 6 
20 5 4 2 2 17 
21 6 5 3 4 5 20 
22 3 6 4 9 11 12 16 
23 5 4 4 7 9 15 18 
24 5 6 3 11 15 22 
25 6 2 3 15 20 22 
26 2 12 1 6 
27 7 10 3 14 18 21 
28 6 16 6 3 7 14 17 23 24 
29 5 12 3 9 17 19 
30 4 4 5 1 3 4 6 13 
31 5 7 3 9 14 17 
32 7 10 5 7 10 24 25 31 
33 4 6 4 6 12 14 18 
34 8 10 8 3 7 11 18 21 23 26 32 
35 6 7 3 3 20 23 
36 9 5 5 6 13 18 23 34 
37 7 5 7 3 4 11 12 22 26 35 
38 10 6 4 2 5 23 36 
39 8 4 8 3 4 6 8 10 27 30 32 
40 7 4 6 3 11 15 16 23 35 
41 9 10 3 9 15 34 
42 8 14 6 9 11 20 26 32 40 
43 7 10 9 8 14 15 16 17 18 19 28 33 
44 9 14 7 18 25 27 32 33 34 40 
45 11 5 11 7 9 20 25 26 28 29 31 38 39 43 
46 12 6 7 1 13 21 25 37 43 45 
47 5 6 5 6 8 11 14 33 
48 10 13 3 14 20 41 
49 13 5 7 1 7 9 11 26 39 46 
50 12 9 13 2 9 11 13 17 19 22 24 25 33 37 44 45 
