50 20
1 0 7 0 
2 0 16 0 
3 0 15 0 
4 1 3 1 2 
5 0 14 0 
6 1 1 2 2 5 
7 0 1 0 
8 0 14 0 
9 1 3 1 2 
10 2 17 2 5 9 
11 0 19 0 
12 2 11 2 9 11 
13 2 7 3 2 6 9 
14 3 19 3 4 10 11 
15 3 20 5 5 7 10 11 12 
16 4 4 2 4 15 
17 4 9 3 4 7 14 
18 1 4 2 1 3 
19 3 17 2 3 12 
20 2 2 3 4 6 8 
21 2 5 5 1 2 4 6 7 
22 4 20 6 2 6 7 12 15 21 
23 5 16 9 1 2 6 7 10 12 13 16 18 
24 5 11 9 8 9 10 11 17 18 19 20 22 
25 3 12 2 12 20 
26 6 14 4 8 18 24 25 
27 6 19 5 1 4 9 18 23 
28 4 7 2 7 14 
29 5 7 6 2 8 10 12 16 20 
30 6 10 6 3 4 11 13 15 24 
31 5 11 5 1 6 9 18 22 
32 6 4 4 13 17 24 25 
33 6 18 6 3 11 13 17 21 31 
34 7 1 8 1 6 12 15 21 24 29 33 
35 7 12 10 2 3 6 7 9 12 13 22 26 33 
36 7 16 10 14 15 17 19 25 26 27 28 31 33 
37 8 10 6 2 14 15 22 32 34 
38 7 3 8 3 11 17 19 22 23 27 28 
39 8 3 10 4 7 20 22 23 24 32 34 36 38 
40 9 14 11 1 2 3 5 15 18 26 30 32 34 39 
41 7 5 11 1 6 8 10 12 13 16 18 19 29 32 
42 10 11 7 1 11 32 35 38 40 41 
43 8 14 11 1 5 9 14 15 18 21 31 36 38 41 
44 9 18 7 2 3 7 18 27 32 43 
45 11 9 11 1 4 11 19 25 29 30 34 36 37 42 
46 9 7 12 3 4 5 6 7 11 17 19 21 27 29 39 
47 9 6 9 12 14 16 18 23 30 34 35 39 
48 12 6 12 4 6 12 14 15 21 26 39 40 44 45 47 
49 10 9 7 4 21 33 37 44 46 47 
50 11 10 8 1 20 21 23 32 37 43 49 
