50 20
1 0 5 0 
2 1 4 1 1 
3 2 6 2 1 2 
4 3 4 3 1 2 3 
5 2 6 2 1 2 
6 4 5 3 1 3 4 
7 5 5 3 3 4 6 
8 6 6 4 1 3 6 7 
9 7 5 4 1 2 7 8 
10 8 6 6 1 2 4 6 8 9 
11 9 6 8 1 2 3 4 6 8 9 10 
12 10 6 8 2 3 4 5 7 9 10 11 
13 11 4 9 3 4 6 7 8 9 10 11 12 
14 12 6 11 2 3 4 6 7 8 9 10 11 12 13 
15 13 5 13 1 2 3 4 5 6 7 8 9 10 11 13 14 
16 14 3 11 2 3 4 6 7 9 10 11 12 14 15 
17 12 4 12 1 2 3 4 5 6 7 8 10 11 12 13 
18 15 5 12 2 3 4 5 6 7 11 12 14 15 16 17 
19 16 8 10 1 4 6 7 9 10 14 15 17 18 
20 17 4 13 1 3 5 6 8 10 11 12 15 16 17 18 19 
21 18 5 15 1 2 3 4 5 8 9 10 11 12 13 14 17 19 20 
22 19 8 17 2 4 5 6 7 8 9 10 11 12 13 14 15 16 18 20 21 
23 20 7 17 1 3 4 6 7 8 10 11 14 15 16 17 18 19 20 21 22 
24 19 6 14 1 2 6 8 9 10 12 15 16 17 18 19 20 21 
25 21 5 18 2 4 5 6 7 8 9 10 11 13 14 17 18 19 20 21 23 24 
26 22 8 19 1 3 4 5 6 7 8 9 11 12 14 17 18 19 20 21 23 24 25 
27 22 7 17 1 3 4 7 8 9 11 13 14 15 16 17 18 20 22 24 25 
28 23 6 18 1 2 4 5 6 7 8 9 10 11 17 18 19 21 22 25 26 27 
29 23 6 23 3 4 5 6 8 9 11 12 13 14 15 16 17 18 19 20 21 22 23 24 25 26 27 
30 24 5 19 2 3 5 6 7 8 10 11 12 13 14 15 16 17 22 23 26 27 28 
31 25 6 24 1 2 3 4 6 7 8 9 10 11 12 13 15 16 17 20 21 22 23 25 27 28 29 30 
32 24 6 19 1 3 4 5 6 7 8 10 11 13 15 16 17 21 23 25 26 28 29 
33 26 3 25 1 4 5 7 8 9 10 11 12 13 14 15 16 17 19 20 21 24 25 26 27 28 29 31 32 
34 27 7 24 1 2 3 4 5 6 7 8 11 12 13 14 15 18 20 23 24 25 26 27 29 31 32 33 
35 28 5 29 2 3 5 7 8 9 10 12 13 14 15 16 17 18 19 20 21 22 23 24 25 26 27 28 29 30 31 33 34 
36 29 7 26 1 2 3 4 6 7 8 9 12 13 15 16 17 18 19 21 22 23 24 27 28 29 32 33 34 35 
37 30 5 24 2 3 4 5 7 8 9 12 14 16 17 19 20 22 23 24 26 28 29 30 31 33 34 36 
38 31 5 32 1 2 3 4 5 6 7 8 9 10 11 12 13 14 15 16 18 19 20 21 22 23 24 26 29 30 31 32 33 35 36 37 
39 32 7 25 1 2 3 4 6 7 8 9 10 13 15 19 20 22 23 25 27 29 30 31 32 35 36 37 38 
40 33 5 32 1 2 3 4 5 6 7 9 10 12 14 15 16 17 18 19 20 22 23 25 26 28 29 30 31 32 34 35 36 37 38 39 
41 33 5 30 2 4 5 6 7 8 11 12 13 14 16 17 18 20 22 23 24 26 27 28 29 30 31 32 33 34 35 36 38 39 
42 34 6 31 1 2 3 4 5 6 7 8 9 10 12 14 15 16 17 18 19 20 21 22 24 26 28 31 33 34 35 37 38 39 40 
43 35 5 33 1 2 3 4 5 6 8 9 10 11 12 13 15 17 18 19 20 23 24 25 26 27 29 30 31 32 34 35 36 38 40 41 42 
44 36 6 30 1 2 3 8 9 11 12 15 16 18 20 22 24 25 26 28 29 30 31 32 33 34 36 37 38 39 40 41 42 43 
45 37 5 25 1 3 9 10 11 12 13 14 15 17 18 21 23 27 28 29 30 32 35 36 37 39 40 41 44 
46 38 6 34 1 3 5 6 7 9 10 11 12 16 17 18 19 20 22 23 25 28 29 31 32 33 34 35 36 37 38 39 40 41 42 43 44 45 
47 39 6 30 1 3 4 6 7 8 10 12 13 14 17 18 21 22 23 24 26 27 29 30 31 32 34 35 36 40 42 43 44 46 
48 39 5 27 1 2 5 6 8 9 11 12 13 16 18 20 23 24 25 26 29 31 33 35 36 37 39 40 41 45 46 
49 40 7 33 3 4 5 6 8 9 11 12 13 15 16 17 18 19 20 21 22 24 26 27 30 31 32 33 35 37 39 41 42 43 45 47 48 
50 41 7 36 1 3 4 5 6 7 10 11 12 13 14 15 16 18 19 20 21 23 24 25 26 27 28 31 32 38 39 40 41 42 44 45 46 47 48 49 
