50 20
1 0 11 0 
2 0 12 0 
3 1 1 1 1 
4 0 4 0 
5 2 1 2 3 4 
6 3 9 1 5 
7 3 4 2 3 5 
8 3 10 1 5 
9 4 35 1 7 
10 3 4 1 5 
11 1 9 1 4 
12 5 6 2 8 9 
13 0 4 0 
14 2 12 1 11 
15 4 10 3 1 6 7 
16 4 47 2 3 8 
17 6 17 2 6 12 
18 0 2 0 
19 6 4 4 10 12 13 15 
20 5 20 3 3 16 18 
21 1 4 2 4 18 
22 5 16 3 6 9 13 
23 4 2 1 10 
24 6 30 2 9 12 
25 6 28 3 3 4 22 
26 7 2 4 7 8 13 19 
27 5 9 5 2 3 6 9 15 
28 7 7 7 4 5 9 12 21 25 27 
29 8 6 2 12 28 
30 6 1 3 7 23 27 
31 4 2 2 10 13 
32 1 5 2 13 18 
33 7 1 2 25 31 
34 6 25 5 1 4 15 23 27 
35 8 23 8 2 6 11 19 25 28 30 33 
36 9 11 3 15 29 35 
37 8 14 3 26 30 31 
38 10 1 7 13 14 19 22 23 29 36 
39 6 19 4 12 22 31 32 
40 8 6 5 1 2 13 23 33 
41 7 5 6 1 23 24 27 30 31 
42 8 10 5 21 24 28 33 34 
43 8 2 4 8 16 24 26 
44 9 1 4 5 16 35 37 
45 5 12 3 8 10 15 
46 9 2 4 19 20 27 42 
47 10 12 4 11 24 25 44 
48 7 1 3 4 24 32 
49 9 4 5 2 29 31 40 48 
50 10 8 8 2 3 5 17 31 40 48 49 
