50 2
1 0 11 0 
2 0 19 0 
3 0 9 0 
4 0 8 0 
5 0 15 0 
6 0 17 0 
7 1 11 2 1 3 
8 1 5 2 1 3 
9 0 17 0 
10 0 12 0 
11 1 8 1 6 
12 1 15 1 2 
13 0 11 0 
14 0 14 0 
15 0 7 0 
16 1 6 1 10 
17 1 12 1 13 
18 2 11 1 7 
19 2 20 2 7 10 
20 2 11 1 7 
21 0 5 0 
22 0 18 0 
23 0 16 0 
24 3 11 4 3 6 16 19 
25 2 3 2 16 23 
26 4 18 4 8 16 23 24 
27 1 19 2 3 5 
28 2 9 2 15 27 
29 0 5 0 
30 2 14 1 16 
31 3 7 2 10 30 
32 4 15 3 11 19 31 
33 4 1 2 3 31 
34 1 8 1 22 
35 3 6 3 16 20 28 
36 1 19 1 13 
37 2 11 5 5 10 14 23 27 
38 3 7 3 3 23 30 
39 1 11 2 9 15 
40 1 12 2 3 10 
41 3 2 4 8 11 25 37 
42 2 2 1 27 
43 3 5 3 13 18 29 
44 2 2 1 12 
45 5 10 5 8 29 33 38 40 
46 4 4 6 3 4 5 14 24 25 
47 3 6 5 2 9 25 40 42 
48 5 6 3 26 38 42 
49 4 20 2 11 31 
50 4 8 1 41 
