50 20
1 0 6 0 
2 1 4 1 1 
3 2 7 2 1 2 
4 0 1 0 
5 2 6 2 1 2 
6 2 14 2 1 2 
7 3 6 2 3 6 
8 4 1 3 4 6 7 
9 5 4 3 3 5 8 
10 4 11 3 2 3 7 
11 3 1 2 1 6 
12 6 5 5 2 4 8 9 11 
13 4 3 4 3 4 7 11 
14 5 13 5 4 5 7 11 13 
15 6 4 4 1 6 9 14 
16 5 3 4 5 6 7 13 
17 7 5 3 1 6 15 
18 7 37 9 1 3 4 5 8 9 11 14 15 
19 8 2 5 1 4 11 16 18 
20 9 16 5 8 10 14 17 19 
21 10 18 8 4 6 7 10 12 18 19 20 
22 10 2 9 1 4 5 8 9 12 14 17 20 
23 7 4 10 1 3 4 5 6 7 8 11 12 15 
24 8 9 7 2 3 6 8 14 16 18 
25 11 7 8 3 4 9 10 14 16 19 21 
26 11 8 6 1 3 8 11 12 22 
27 12 2 10 1 2 7 9 14 20 21 24 25 26 
28 8 3 9 3 4 8 9 11 13 15 18 23 
29 12 7 11 6 7 12 13 14 16 19 22 23 24 26 
30 13 14 15 3 4 5 7 8 9 12 16 20 21 22 24 25 26 27 
31 14 2 12 1 4 5 6 15 16 17 19 20 24 26 30 
32 13 5 12 3 4 5 8 9 14 15 16 17 18 23 27 
33 14 42 8 3 10 11 15 17 26 27 32 
34 15 17 12 2 4 5 9 17 21 23 24 25 27 29 33 
35 15 5 13 3 4 8 9 11 15 21 24 25 27 30 32 33 
36 16 36 8 10 11 15 21 26 30 32 34 
37 14 13 13 3 6 10 14 15 16 17 19 20 22 23 25 30 
38 17 3 11 3 5 6 9 10 11 22 29 31 33 36 
39 16 7 14 1 2 3 7 8 9 10 22 24 26 27 32 35 37 
40 18 16 13 6 13 15 19 26 27 29 31 32 34 35 36 38 
41 17 9 9 3 8 12 15 22 28 31 32 39 
42 18 3 9 2 3 10 13 19 20 29 32 38 
43 19 6 17 4 5 8 10 12 15 16 17 23 25 26 31 34 38 39 41 42 
44 18 4 17 1 3 4 5 11 12 13 17 18 22 25 26 29 30 31 35 41 
45 20 12 23 4 7 9 10 12 15 17 20 21 22 26 30 32 33 34 35 36 37 38 39 42 43 44 
46 19 17 18 2 4 9 10 11 12 14 16 17 18 19 21 22 25 29 33 37 42 
47 21 24 17 3 7 11 12 14 16 21 22 23 30 31 33 34 35 36 39 45 
48 22 2 15 1 4 5 10 11 18 25 28 30 32 36 37 41 46 47 
49 20 19 18 5 6 7 9 12 14 16 20 21 24 28 31 32 33 34 39 40 43 
50 21 3 13 4 5 8 10 12 14 17 28 30 33 37 43 49 
