50 20
1 0 8 0 
2 0 10 0 
3 0 10 0 
4 0 6 0 
5 0 13 0 
6 0 10 0 
7 0 9 0 
8 0 11 0 
9 0 14 0 
10 1 9 1 3 
11 0 6 0 
12 0 13 0 
13 1 4 2 1 7 
14 0 11 0 
15 0 10 0 
16 0 10 0 
17 1 12 1 9 
18 0 5 0 
19 1 8 2 7 9 
20 1 16 1 3 
21 1 6 1 12 
22 0 15 0 
23 1 12 2 4 14 
24 1 6 2 3 14 
25 1 11 3 1 4 6 
26 1 12 2 9 16 
27 1 12 1 9 
28 0 5 0 
29 1 13 1 14 
30 2 14 2 4 10 
31 0 16 0 
32 1 7 3 5 11 16 
33 2 13 1 20 
34 2 14 3 8 12 13 
35 2 9 3 1 15 27 
36 3 11 3 28 29 30 
37 0 6 0 
38 1 11 1 16 
39 2 15 3 5 10 19 
40 1 11 1 9 
41 2 8 3 7 9 17 
42 2 12 2 23 38 
43 4 17 2 21 36 
44 2 10 1 24 
45 3 7 1 34 
46 0 10 0 
47 0 10 0 
48 2 11 3 9 23 29 
49 4 8 3 15 35 36 
50 2 14 1 40 
