50 20
1 0 2 0 
2 0 4 0 
3 0 5 0 
4 0 9 0 
5 1 6 1 4 
6 0 13 0 
7 0 1 0 
8 1 14 1 6 
9 1 3 1 6 
10 0 8 0 
11 0 7 0 
12 1 3 2 7 10 
13 1 4 1 7 
14 2 4 3 9 10 11 
15 0 3 0 
16 2 2 1 13 
17 1 11 4 1 3 10 15 
18 3 12 2 2 14 
19 3 5 2 6 14 
20 4 3 1 19 
21 5 1 2 8 20 
22 5 2 3 1 5 20 
23 3 2 2 12 16 
24 6 3 2 13 21 
25 4 2 1 23 
26 1 6 1 7 
27 3 3 1 16 
28 6 6 3 9 10 21 
29 2 3 2 15 17 
30 5 5 3 4 23 25 
31 6 12 4 1 15 21 23 
32 3 5 1 16 
33 2 2 1 17 
34 4 2 2 17 23 
35 3 5 2 4 16 
36 7 9 2 9 24 
37 7 22 3 9 28 29 
38 2 1 4 3 11 13 15 
39 8 2 3 27 35 36 
40 2 5 1 13 
41 5 6 5 2 13 19 25 35 
42 6 22 2 30 40 
43 6 5 3 2 19 22 
44 2 2 2 9 26 
45 0 11 0 
46 8 5 5 6 12 16 37 42 
47 5 1 2 17 25 
48 7 4 6 9 14 31 32 43 45 
49 4 3 2 15 35 
50 7 1 7 7 13 18 19 24 28 30 
