50 20
1 0 9 0 
2 0 1 0 
3 0 2 0 
4 0 9 0 
5 0 6 0 
6 0 4 0 
7 0 3 0 
8 1 8 2 4 6 
9 1 7 6 1 2 3 4 6 7 
10 1 9 6 1 2 3 5 6 7 
11 1 7 5 2 3 4 5 6 
12 1 5 6 1 2 3 4 5 6 
13 2 2 8 1 2 3 4 5 9 10 12 
14 2 3 10 1 2 5 6 7 8 9 10 11 12 
15 2 3 9 1 2 3 4 5 6 8 9 12 
16 2 8 11 2 3 4 5 6 7 8 9 10 11 12 
17 2 1 7 1 3 5 7 10 11 12 
18 2 8 8 3 4 5 6 7 8 10 11 
19 2 4 7 1 3 5 7 8 9 10 
20 2 6 9 1 2 4 5 7 8 9 10 11 
21 2 5 8 4 5 6 7 8 9 10 12 
22 2 4 11 1 2 3 4 5 6 7 8 9 11 12 
23 2 8 8 1 2 3 6 7 8 9 10 
24 2 8 9 1 3 4 5 7 9 10 11 12 
25 2 9 9 1 3 4 5 6 7 8 9 10 
26 2 1 9 2 3 4 5 6 8 9 10 11 
27 2 2 9 1 2 3 5 7 8 9 11 12 
28 2 7 8 1 3 4 5 6 9 10 12 
29 2 7 10 1 3 4 5 6 7 9 10 11 12 
30 2 8 10 2 3 4 5 6 7 8 9 10 12 
31 2 9 11 1 2 3 4 5 6 7 8 9 10 12 
32 2 5 5 2 4 5 6 12 
33 2 4 11 1 3 4 5 6 7 8 9 10 11 12 
34 3 10 25 1 4 5 6 7 8 9 10 11 12 13 14 15 18 20 21 22 23 25 27 28 29 30 32 33 
35 3 9 25 1 2 3 4 5 6 7 8 11 12 13 15 16 17 18 20 22 25 26 27 28 29 30 32 33 
36 3 5 22 1 2 6 8 9 10 11 12 13 16 17 18 19 20 21 22 23 25 27 28 29 30 
37 3 1 29 1 2 3 4 5 6 7 8 9 10 11 12 14 17 18 19 21 22 23 24 25 26 27 28 29 30 31 32 33 
38 3 8 26 1 2 3 4 5 6 8 9 10 11 13 14 15 16 17 18 19 20 23 24 26 27 29 30 31 32 
39 3 7 26 1 2 3 5 6 7 8 10 11 13 15 16 17 18 19 20 21 22 23 24 25 27 29 31 32 33 
40 3 2 25 1 2 3 4 5 6 7 9 10 12 13 14 16 17 18 19 20 22 24 26 27 28 30 32 33 
41 3 6 26 1 2 3 5 6 9 10 11 12 15 16 18 19 20 21 22 23 24 25 26 28 29 30 31 32 33 
42 3 2 23 1 2 3 7 8 9 10 11 12 14 15 16 17 19 20 23 24 25 28 30 31 32 33 
43 4 6 36 1 2 3 4 5 6 8 9 10 11 12 14 15 17 18 19 21 22 23 25 26 27 28 29 30 31 32 34 35 36 37 38 39 40 41 42 
44 4 4 34 1 2 3 4 5 6 7 8 9 11 12 13 14 15 16 17 19 20 21 23 24 25 26 27 28 29 30 31 32 33 34 37 39 42 
45 4 5 25 3 4 6 8 9 12 13 14 17 19 20 21 22 23 24 25 26 28 31 35 37 38 39 40 42 
46 4 1 28 3 4 5 7 9 10 13 14 16 17 19 20 21 22 23 24 28 29 30 31 32 33 34 37 38 39 41 42 
47 4 8 31 2 3 5 6 9 10 11 13 14 15 16 17 18 19 20 21 24 25 27 28 30 31 32 33 35 36 38 39 40 41 42 
48 4 10 35 1 2 3 4 5 6 7 8 9 10 11 12 13 14 15 19 20 21 22 23 27 28 29 31 32 33 34 35 36 37 38 39 40 41 42 
49 4 3 30 2 5 6 7 8 9 10 11 12 15 16 17 18 19 20 21 22 23 24 25 28 29 30 31 33 36 37 38 41 42 
50 4 5 33 2 3 4 5 6 7 9 10 11 14 15 18 19 21 22 23 24 25 27 28 29 31 32 33 34 35 36 37 38 39 40 41 42 
