50 20
1 0 8 0 
2 0 6 0 
3 1 7 1 2 
4 2 14 1 3 
5 3 10 2 1 4 
6 1 11 1 1 
7 0 12 0 
8 0 16 0 
9 0 12 0 
10 0 17 0 
11 0 14 0 
12 1 13 1 1 
13 0 15 0 
14 4 9 2 5 9 
15 4 7 3 1 4 5 
16 1 13 1 2 
17 0 7 0 
18 2 9 1 6 
19 2 3 1 3 
20 1 10 2 2 8 
21 4 6 3 5 17 18 
22 3 6 2 4 10 
23 4 7 1 5 
24 0 9 0 
25 4 11 2 13 22 
26 5 13 3 2 15 17 
27 5 7 4 4 8 11 14 
28 1 13 1 9 
29 5 10 4 15 20 24 25 
30 2 7 1 6 
31 1 7 3 8 10 13 
32 2 13 2 1 12 
33 5 10 3 7 14 22 
34 2 7 4 2 10 12 20 
35 6 9 4 1 6 16 33 
36 5 9 1 15 
37 6 14 3 8 26 30 
38 7 8 3 11 12 35 
39 5 10 3 7 12 23 
40 5 9 5 18 19 21 30 34 
41 6 7 4 4 24 30 36 
42 7 15 2 32 41 
43 1 10 1 1 
44 4 7 1 22 
45 7 11 4 4 15 31 37 
46 3 13 3 3 17 32 
47 0 18 0 
48 8 15 5 5 7 9 10 42 
49 9 9 4 23 26 27 48 
50 10 14 3 41 47 49 
