50 20
1 0 7 0 
2 0 11 0 
3 0 10 0 
4 0 8 0 
5 0 5 0 
6 0 2 0 
7 0 3 0 
8 0 10 0 
9 0 9 0 
10 0 16 0 
11 0 14 0 
12 0 9 0 
13 0 3 0 
14 0 5 0 
15 1 14 4 5 10 11 12 
16 1 9 3 3 10 11 
17 1 15 3 4 10 14 
18 1 14 2 2 9 
19 1 7 5 1 2 5 6 11 
20 1 1 2 7 12 
21 1 1 3 1 6 8 
22 1 2 4 9 10 11 13 
23 1 4 5 2 6 9 13 14 
24 1 14 5 1 6 8 10 12 
25 1 4 3 1 7 14 
26 1 8 4 1 9 11 14 
27 2 10 7 1 9 12 14 22 24 25 
28 2 4 6 7 10 14 19 21 24 
29 2 5 5 1 2 7 15 25 
30 2 11 6 7 9 16 17 18 23 
31 2 9 3 2 24 26 
32 2 13 4 1 12 14 19 
33 2 5 5 1 5 10 15 21 
34 2 10 5 1 2 10 15 17 
35 2 7 3 1 23 24 
36 2 9 6 1 6 10 11 17 25 
37 3 10 9 6 8 12 15 23 24 29 32 36 
38 3 3 9 9 11 15 16 17 20 26 34 36 
39 3 2 7 8 9 14 20 22 28 29 
40 3 6 8 1 3 8 18 19 20 28 34 
41 3 4 11 7 12 16 18 19 20 21 22 26 28 29 
42 3 8 5 1 18 33 34 35 
43 3 11 5 9 11 28 29 30 
44 3 8 2 28 36 
45 2 6 5 1 4 10 17 20 
46 3 14 10 2 3 8 15 16 21 27 29 31 32 
47 4 19 15 1 4 11 12 15 18 20 22 23 25 27 35 36 39 42 
48 4 8 10 1 3 5 16 23 29 31 38 39 41 
49 4 6 11 1 9 13 15 20 21 31 32 38 41 42 
50 4 1 12 4 9 16 22 23 25 26 27 28 34 41 44 
