50 20
1 0 8 0 
2 0 7 0 
3 0 8 0 
4 0 7 0 
5 1 8 2 1 2 
6 2 10 2 4 5 
7 0 4 0 
8 0 12 0 
9 2 6 2 5 8 
10 0 3 0 
11 1 2 1 1 
12 0 7 0 
13 0 7 0 
14 3 16 5 4 8 9 10 11 
15 1 19 3 3 10 13 
16 2 6 2 11 15 
17 4 10 2 9 14 
18 2 18 3 7 10 11 
19 1 10 1 12 
20 3 14 7 2 5 6 8 11 15 19 
21 5 2 4 5 7 17 20 
22 5 10 6 12 13 17 18 19 20 
23 4 2 3 6 16 20 
24 6 1 3 3 6 21 
25 7 5 5 8 10 17 22 24 
26 4 8 3 1 6 14 
27 6 10 5 2 7 8 20 21 
28 1 16 1 3 
29 6 11 2 21 26 
30 6 8 6 9 13 17 18 22 28 
31 7 18 6 4 16 19 20 26 27 
32 6 19 6 3 6 7 14 19 21 
33 6 8 9 4 6 7 14 17 20 21 22 23 
34 7 8 6 4 8 17 18 27 28 
35 2 10 2 3 15 
36 7 20 5 12 13 22 28 33 
37 8 3 8 3 4 10 19 24 30 33 34 
38 9 10 5 1 17 20 33 37 
39 7 8 6 1 4 18 23 28 32 
40 7 7 7 2 15 17 18 22 24 27 
41 7 4 4 6 23 27 32 
42 7 2 3 1 15 30 
43 7 2 2 27 33 
44 10 16 5 9 24 31 35 38 
45 7 4 4 6 13 17 30 
46 8 7 6 3 9 11 13 22 34 
47 2 3 4 1 8 15 19 
48 8 6 7 2 9 18 25 26 40 47 
49 10 15 12 1 6 7 16 23 24 29 33 34 38 39 41 
50 11 4 8 7 18 23 24 26 30 41 44 
