50 20
1 0 11 0 
2 0 3 0 
3 0 1 0 
4 0 17 0 
5 0 3 0 
6 0 12 0 
7 0 2 0 
8 0 8 0 
9 0 2 0 
10 0 5 0 
11 0 7 0 
12 0 6 0 
13 0 2 0 
14 1 7 2 3 12 
15 0 6 0 
16 1 54 1 4 
17 1 7 2 3 13 
18 0 25 0 
19 1 12 3 4 6 8 
20 1 2 2 7 9 
21 1 3 2 7 10 
22 0 1 0 
23 1 9 1 12 
24 0 2 0 
25 2 2 2 13 17 
26 2 12 1 21 
27 0 10 0 
28 0 2 0 
29 1 26 4 6 8 12 15 
30 3 16 3 8 12 26 
31 0 6 0 
32 0 46 0 
33 2 9 2 14 18 
34 3 48 4 7 22 26 27 
35 3 14 2 24 26 
36 3 17 3 10 19 25 
37 0 2 0 
38 3 7 3 14 23 26 
39 2 8 2 19 28 
40 0 3 0 
41 4 18 1 36 
42 3 2 4 4 14 23 25 
43 0 1 0 
44 1 18 1 12 
45 4 15 5 6 13 17 28 30 
46 4 2 4 5 12 22 38 
47 2 5 1 16 
48 4 9 2 13 35 
49 1 8 1 4 
50 0 13 0 
