50 20
1 0 3 0 
2 0 2 0 
3 0 27 0 
4 0 1 0 
5 0 40 0 
6 0 2 0 
7 0 1 0 
8 0 2 0 
9 0 7 0 
10 1 13 1 6 
11 1 4 1 1 
12 1 4 2 1 7 
13 1 1 2 6 7 
14 1 5 3 3 5 9 
15 0 1 0 
16 1 6 2 8 9 
17 1 5 2 3 5 
18 1 3 2 1 5 
19 1 39 1 3 
20 1 2 2 1 4 
21 1 3 3 6 7 15 
22 2 9 2 8 14 
23 1 6 1 7 
24 2 2 3 11 12 20 
25 2 8 1 20 
26 2 1 3 3 12 13 
27 0 6 0 
28 2 1 3 7 16 17 
29 2 6 1 21 
30 2 7 4 2 5 16 17 
31 1 5 2 1 8 
32 2 2 4 4 13 17 18 
33 3 1 3 6 27 28 
34 2 2 3 2 8 17 
35 2 1 5 8 10 13 18 19 
36 2 1 3 9 11 23 
37 3 3 4 1 6 13 28 
38 3 10 6 1 5 7 14 23 28 
39 2 1 2 9 14 
40 3 8 8 3 5 8 21 22 24 25 32 
41 4 6 4 5 8 32 33 
42 3 8 5 4 7 25 28 39 
43 3 5 7 2 4 13 21 25 27 28 
44 3 1 4 19 23 28 39 
45 2 4 2 2 14 
46 3 3 6 5 7 14 17 32 34 
47 4 5 5 3 8 19 23 33 
48 3 22 7 10 11 13 18 23 26 35 
49 2 1 4 4 8 12 31 
50 3 2 5 3 12 13 16 34 
