50 20
1 0 9 0 
2 1 5 1 1 
3 0 3 0 
4 0 9 0 
5 2 10 2 2 3 
6 0 5 0 
7 0 2 0 
8 0 3 0 
9 1 2 2 3 4 
10 0 19 0 
11 0 2 0 
12 0 4 0 
13 0 11 0 
14 0 15 0 
15 0 3 0 
16 0 2 0 
17 1 1 3 12 13 15 
18 1 1 1 4 
19 2 5 1 17 
20 0 6 0 
21 2 5 1 9 
22 0 2 0 
23 3 5 3 4 17 21 
24 3 4 1 21 
25 2 1 2 2 13 
26 1 4 1 20 
27 4 13 1 23 
28 5 4 1 27 
29 1 1 1 3 
30 2 1 4 7 12 13 17 
31 1 12 2 4 8 
32 2 4 2 10 17 
33 2 4 3 2 10 20 
34 3 2 3 10 19 22 
35 3 2 1 30 
36 3 10 2 5 11 
37 2 1 3 3 10 26 
38 0 3 0 
39 3 6 4 7 19 26 33 
40 3 2 1 33 
41 3 15 3 8 16 25 
42 4 3 1 35 
43 1 4 1 14 
44 4 4 4 7 21 32 36 
45 5 4 3 7 34 44 
46 3 1 1 19 
47 4 1 2 6 23 
48 6 6 3 5 12 28 
49 7 12 4 16 21 26 48 
50 1 2 1 11 
