50 20
1 0 12 0 
2 0 4 0 
3 0 5 0 
4 0 4 0 
5 0 6 0 
6 0 6 0 
7 0 14 0 
8 0 7 0 
9 0 7 0 
10 0 6 0 
11 0 4 0 
12 0 11 0 
13 1 11 1 9 
14 0 12 0 
15 1 6 4 1 3 9 11 
16 1 5 4 4 5 9 11 
17 1 7 1 2 
18 1 12 3 3 7 12 
19 1 12 3 5 7 10 
20 1 5 3 6 10 12 
21 1 4 1 4 
22 0 10 0 
23 1 12 2 5 7 
24 1 4 2 1 12 
25 2 6 6 4 7 8 13 15 24 
26 2 7 3 3 13 14 
27 1 8 1 6 
28 2 4 5 1 5 13 20 23 
29 2 6 1 24 
30 2 4 6 4 6 8 14 18 23 
31 1 5 5 3 5 8 10 14 
32 3 5 4 8 18 21 25 
33 2 9 2 4 20 
34 3 5 7 8 12 13 19 25 27 30 
35 2 11 7 4 7 9 13 14 18 31 
36 2 7 1 15 
37 3 11 2 5 29 
38 0 5 0 
39 3 11 9 8 10 11 14 19 21 22 25 30 
40 3 4 6 4 12 13 20 21 29 
41 2 9 3 15 23 27 
42 2 6 7 2 7 9 12 16 18 21 
43 3 6 6 5 6 11 25 26 28 
44 1 7 1 11 
45 4 10 5 12 22 24 37 42 
46 4 7 7 22 24 28 32 40 41 44 
47 4 5 5 2 29 36 39 40 
48 3 5 7 7 13 14 18 26 29 35 
49 4 6 9 4 7 18 19 25 26 29 39 44 
50 2 7 7 4 6 15 16 23 24 44 
