50 20
1 0 17 0 
2 1 18 1 1 
3 2 14 1 2 
4 1 8 1 1 
5 2 1 2 2 4 
6 3 5 3 2 4 5 
7 3 14 3 3 4 5 
8 4 2 4 3 5 6 7 
9 5 11 5 1 2 3 7 8 
10 5 1 3 1 4 8 
11 6 1 6 3 4 6 7 8 10 
12 7 11 5 4 5 8 9 11 
13 8 7 9 2 3 4 5 8 9 10 11 12 
14 8 6 8 2 3 4 5 6 9 10 12 
15 9 30 7 1 7 9 10 12 13 14 
16 6 2 5 2 4 6 7 9 
17 9 55 8 1 5 8 9 11 13 14 16 
18 10 7 8 2 3 9 11 12 14 16 17 
19 11 6 15 1 3 4 5 6 7 8 9 11 12 13 15 16 17 18 
20 10 4 5 4 6 10 14 15 
21 11 4 13 2 3 5 6 7 8 9 11 12 14 15 16 20 
22 12 12 11 2 4 6 7 9 11 14 15 17 20 21 
23 12 2 11 1 2 5 6 8 9 10 11 14 17 19 
24 12 37 12 1 2 3 4 6 10 14 16 17 19 20 21 
25 13 7 13 1 2 6 8 10 11 12 14 16 18 19 21 23 
26 13 4 11 3 5 8 9 12 14 15 16 17 22 24 
27 14 10 17 1 4 6 9 10 11 12 13 14 16 17 18 19 21 24 25 26 
28 15 9 15 1 3 4 5 7 9 14 16 20 21 22 23 24 26 27 
29 13 4 13 5 7 8 9 10 11 12 15 20 21 22 23 24 
30 16 3 19 2 3 4 5 6 7 8 10 13 15 16 17 18 19 22 25 27 28 29 
31 15 26 13 1 3 4 5 7 9 11 12 22 24 25 27 29 
32 17 22 14 2 3 6 7 8 11 15 16 17 18 22 25 26 30 
33 18 3 16 2 3 4 6 8 10 13 14 16 18 22 24 25 28 31 32 
34 18 4 13 2 3 4 8 18 19 22 23 24 28 29 31 32 
35 18 10 14 5 8 10 12 13 14 16 17 20 21 23 28 30 32 
36 19 17 21 1 2 3 4 7 8 10 11 13 15 16 17 18 20 22 24 27 28 30 31 35 
37 19 16 20 1 3 6 7 8 10 12 13 15 17 20 21 22 24 26 27 28 30 33 35 
38 20 4 25 1 2 3 4 6 11 14 15 16 17 19 20 23 24 25 27 29 30 31 32 33 34 35 36 37 
39 20 3 23 1 2 4 5 6 8 12 13 14 15 18 20 21 23 25 28 30 31 32 34 35 36 37 
40 20 5 20 2 3 6 7 8 9 10 11 12 17 18 19 21 27 29 30 34 35 36 37 
41 21 4 20 1 2 4 11 12 14 15 19 20 22 24 25 26 28 29 31 33 34 37 39 
42 21 2 22 3 4 5 7 8 9 10 11 12 15 16 17 18 19 20 21 29 32 34 36 39 40 
43 22 11 26 1 3 4 7 8 9 10 12 13 14 15 18 20 22 24 27 28 33 34 35 36 37 38 39 40 42 
44 21 3 19 1 7 8 11 12 14 15 19 23 25 26 29 30 32 33 34 36 37 38 
45 22 15 20 3 10 12 14 15 16 17 18 19 20 21 24 26 28 31 33 34 35 40 42 
46 23 29 28 3 4 6 7 8 10 11 12 13 15 18 23 25 28 29 30 31 33 35 36 37 38 39 40 41 42 43 44 
47 24 12 20 8 9 10 11 12 13 14 16 18 20 21 24 25 30 35 38 41 42 43 46 
48 25 1 25 7 9 10 13 14 16 18 19 20 21 23 24 28 29 31 32 33 37 39 40 41 42 44 46 47 
49 26 20 22 3 6 8 9 10 11 12 15 16 19 21 22 27 28 32 33 39 40 44 45 46 48 
50 27 6 23 2 3 6 8 9 12 13 14 16 18 19 22 23 25 27 31 33 38 40 41 46 48 49 
