50 20
1 0 6 0 
2 0 6 0 
3 1 6 1 2 
4 0 8 0 
5 0 5 0 
6 2 11 1 3 
7 0 6 0 
8 0 4 0 
9 0 10 0 
10 1 6 1 4 
11 0 10 0 
12 3 11 2 6 7 
13 0 12 0 
14 3 4 1 6 
15 4 6 2 13 14 
16 1 7 1 1 
17 5 12 2 12 15 
18 4 13 3 8 12 16 
19 4 7 2 10 12 
20 5 12 3 5 12 15 
21 6 10 3 12 14 17 
22 5 5 3 5 7 15 
23 3 7 4 3 6 9 13 
24 6 5 5 11 13 14 15 20 
25 6 12 5 9 10 12 13 22 
26 4 10 1 23 
27 5 15 2 1 18 
28 1 5 1 1 
29 7 7 5 3 4 16 21 23 
30 8 9 5 4 9 17 21 29 
31 6 6 2 2 22 
32 9 4 5 2 7 8 22 30 
33 4 3 3 1 5 12 
34 6 6 2 10 20 
35 7 5 3 23 26 34 
36 10 7 4 6 7 31 32 
37 7 4 3 10 27 34 
38 10 13 8 1 5 14 15 26 29 31 32 
39 10 4 7 3 13 23 25 32 33 34 
40 8 12 2 13 29 
41 10 7 1 32 
42 11 6 5 1 21 36 37 40 
43 5 10 2 6 18 
44 8 6 2 5 35 
45 8 12 2 20 29 
46 12 5 9 2 11 17 20 27 32 33 41 42 
47 11 9 6 11 12 26 36 40 44 
48 11 9 6 1 6 14 25 31 38 
49 7 7 7 12 19 23 25 26 28 33 
50 12 5 6 1 14 23 26 42 49 
