50 20
1 0 10 0 
2 0 16 0 
3 0 11 0 
4 0 13 0 
5 0 13 0 
6 0 8 0 
7 1 14 2 2 4 
8 0 10 0 
9 0 11 0 
10 0 13 0 
11 0 9 0 
12 0 6 0 
13 0 10 0 
14 0 13 0 
15 0 14 0 
16 1 13 2 1 4 
17 0 7 0 
18 0 12 0 
19 1 10 1 1 
20 0 8 0 
21 1 15 1 6 
22 0 8 0 
23 1 11 4 1 10 14 20 
24 1 7 1 1 
25 1 11 2 2 5 
26 1 10 1 13 
27 0 8 0 
28 0 13 0 
29 0 12 0 
30 1 4 3 3 12 14 
31 2 15 2 15 19 
32 0 11 0 
33 0 12 0 
34 2 9 4 19 20 22 26 
35 2 16 3 2 13 21 
36 2 6 2 4 16 
37 2 8 5 13 15 16 25 28 
38 2 10 5 5 12 17 19 21 
39 3 11 2 13 37 
40 2 8 2 21 32 
41 1 6 2 14 28 
42 3 12 4 4 17 27 34 
43 1 12 2 1 4 
44 3 13 2 4 34 
45 3 15 2 21 35 
46 2 12 3 9 19 33 
47 1 8 2 15 32 
48 3 8 1 31 
49 0 11 0 
50 0 12 0 
