50 20
1 0 9 0 
2 0 3 0 
3 0 7 0 
4 0 9 0 
5 0 7 0 
6 0 7 0 
7 0 3 0 
8 0 10 0 
9 0 3 0 
10 1 3 2 5 6 
11 1 9 2 2 5 
12 0 2 0 
13 1 6 2 1 6 
14 1 4 2 8 9 
15 1 8 1 4 
16 1 3 3 7 8 9 
17 1 1 1 3 
18 1 7 1 1 
19 0 10 0 
20 1 6 2 2 8 
21 1 4 1 5 
22 2 6 2 10 11 
23 2 6 4 2 7 13 19 
24 2 6 4 1 4 10 11 
25 2 9 6 1 2 3 4 9 16 
26 2 6 3 7 13 20 
27 2 1 5 1 10 11 15 20 
28 1 8 3 6 8 9 
29 3 8 2 17 22 
30 3 5 8 8 11 13 15 17 21 22 25 
31 3 3 6 8 13 17 18 23 24 
32 3 5 6 4 5 8 9 20 24 
33 3 4 1 27 
34 3 2 5 12 18 22 23 24 
35 3 4 3 8 20 22 
36 2 1 4 13 17 19 21 
37 3 5 5 4 5 7 18 25 
38 2 8 4 4 6 13 18 
39 2 7 3 4 8 16 
40 4 7 7 4 5 21 24 29 32 36 
41 4 2 10 2 10 11 18 19 22 26 27 31 36 
42 4 3 11 4 6 14 15 17 24 27 29 30 32 35 
43 3 9 3 17 19 25 
44 4 4 11 2 5 8 13 14 15 16 18 22 27 32 
45 2 2 2 8 17 
46 4 4 6 2 12 26 29 30 36 
47 4 1 9 9 13 18 20 24 25 26 31 33 
48 4 7 6 2 8 10 21 26 29 
49 4 6 9 8 10 12 14 20 24 26 28 33 
50 4 1 6 3 12 28 30 34 35 
