50 20
1 0 10 0 
2 0 1 0 
3 0 1 0 
4 1 2 1 2 
5 0 1 0 
6 2 10 3 1 4 5 
7 1 2 1 1 
8 3 3 4 2 4 5 6 
9 4 6 6 3 4 5 6 7 8 
10 3 5 3 4 6 7 
11 5 6 7 1 2 3 7 8 9 10 
12 4 4 3 4 5 8 
13 5 2 2 8 12 
14 6 5 7 2 3 5 9 10 11 13 
15 5 5 6 1 2 4 5 6 9 
16 4 7 3 4 6 10 
17 6 7 5 4 6 7 8 13 
18 7 3 9 3 5 7 8 10 13 14 16 17 
19 6 3 4 4 6 13 15 
20 8 5 7 7 8 10 13 15 16 18 
21 8 6 8 2 3 6 12 15 16 17 18 
22 9 2 10 3 6 8 9 10 11 13 14 18 21 
23 9 9 6 1 12 16 17 19 21 
24 10 5 14 1 2 3 4 7 8 9 11 16 17 18 19 20 23 
25 11 4 10 2 3 5 8 11 14 17 18 20 24 
26 12 10 10 3 5 8 9 11 17 18 21 22 25 
27 13 3 16 1 2 3 7 8 9 10 12 14 15 18 19 22 24 25 26 
28 14 3 9 1 5 14 15 17 19 22 25 27 
29 15 1 9 2 4 5 6 9 11 14 27 28 
30 13 7 10 1 4 12 15 16 18 22 23 24 26 
31 14 10 12 1 2 7 13 14 17 18 19 20 22 26 30 
32 15 10 8 4 5 6 8 10 16 22 28 
33 16 1 10 2 5 8 15 17 19 24 25 28 29 
34 16 3 12 1 2 3 4 9 11 18 22 24 25 26 29 
35 17 8 18 1 2 3 5 8 10 11 13 15 18 19 22 23 25 27 30 32 33 
36 15 4 10 4 10 12 13 16 18 21 23 25 28 
37 17 10 16 1 3 4 9 10 11 12 13 15 18 19 25 26 27 34 36 
38 16 5 13 1 2 3 4 11 15 17 18 19 21 28 29 36 
39 17 6 15 1 9 10 13 16 17 22 23 26 28 29 32 33 36 38 
40 17 9 16 3 4 7 11 12 13 14 18 19 20 21 23 24 27 30 34 
41 18 1 15 3 8 9 10 13 18 20 21 24 26 31 32 35 36 40 
42 18 1 15 3 7 9 10 11 14 15 19 20 21 22 27 31 35 40 
43 19 10 14 2 4 7 8 11 15 18 26 29 34 36 37 38 42 
44 20 1 15 2 4 6 9 12 13 15 19 23 24 28 34 37 38 43 
45 18 8 12 1 2 6 7 14 16 26 29 31 32 39 40 
46 18 3 12 1 4 6 19 20 24 25 28 29 32 33 35 
47 20 6 21 1 3 4 6 16 19 20 23 24 26 28 29 30 31 32 35 36 37 41 43 45 
48 21 2 17 1 2 9 14 16 17 19 23 24 25 27 30 39 42 44 45 47 
49 22 3 13 1 5 10 11 13 25 28 31 38 40 42 43 48 
50 21 1 18 3 5 11 14 16 20 21 27 30 33 35 36 37 38 39 40 41 47 
