50 20
1 0 13 0 
2 0 9 0 
3 0 9 0 
4 0 13 0 
5 1 9 4 1 2 3 4 
6 1 13 3 1 2 3 
7 1 10 4 1 2 3 4 
8 1 10 4 1 2 3 4 
9 1 11 4 1 2 3 4 
10 1 15 4 1 2 3 4 
11 1 9 4 1 2 3 4 
12 1 8 4 1 2 3 4 
13 1 11 4 1 2 3 4 
14 1 4 4 1 2 3 4 
15 1 15 4 1 2 3 4 
16 2 11 15 1 2 3 4 5 6 7 8 9 10 11 12 13 14 15 
17 2 10 14 1 2 3 4 5 6 7 8 10 11 12 13 14 15 
18 2 11 15 1 2 3 4 5 6 7 8 9 10 11 12 13 14 15 
19 2 12 14 1 2 3 4 5 6 8 9 10 11 12 13 14 15 
20 2 8 15 1 2 3 4 5 6 7 8 9 10 11 12 13 14 15 
21 2 9 14 1 2 3 4 5 6 7 8 9 10 11 13 14 15 
22 2 12 14 1 2 3 4 5 6 7 8 9 10 11 13 14 15 
23 2 15 14 1 2 3 5 6 7 8 9 10 11 12 13 14 15 
24 2 7 15 1 2 3 4 5 6 7 8 9 10 11 12 13 14 15 
25 2 16 14 1 2 3 4 5 6 8 9 10 11 12 13 14 15 
26 2 6 15 1 2 3 4 5 6 7 8 9 10 11 12 13 14 15 
27 2 8 15 1 2 3 4 5 6 7 8 9 10 11 12 13 14 15 
28 2 11 15 1 2 3 4 5 6 7 8 9 10 11 12 13 14 15 
29 3 12 26 1 2 3 4 5 6 7 8 9 10 12 13 14 15 16 17 18 19 20 21 22 24 25 26 27 28 
30 3 16 28 1 2 3 4 5 6 7 8 9 10 11 12 13 14 15 16 17 18 19 20 21 22 23 24 25 26 27 28 
31 3 13 28 1 2 3 4 5 6 7 8 9 10 11 12 13 14 15 16 17 18 19 20 21 22 23 24 25 26 27 28 
32 3 12 28 1 2 3 4 5 6 7 8 9 10 11 12 13 14 15 16 17 18 19 20 21 22 23 24 25 26 27 28 
33 3 12 28 1 2 3 4 5 6 7 8 9 10 11 12 13 14 15 16 17 18 19 20 21 22 23 24 25 26 27 28 
34 3 9 27 1 2 3 4 6 7 8 9 10 11 12 13 14 15 16 17 18 19 20 21 22 23 24 25 26 27 28 
35 3 12 26 1 2 3 4 5 6 7 8 9 10 11 12 13 14 15 16 17 18 19 21 23 24 25 26 27 28 
36 3 6 27 1 2 3 4 5 6 7 8 9 10 11 12 14 15 16 17 18 19 20 21 22 23 24 25 26 27 28 
37 3 11 28 1 2 3 4 5 6 7 8 9 10 11 12 13 14 15 16 17 18 19 20 21 22 23 24 25 26 27 28 
38 3 10 27 1 2 4 5 6 7 8 9 10 11 12 13 14 15 16 17 18 19 20 21 22 23 24 25 26 27 28 
39 4 11 37 1 2 3 4 5 6 7 8 10 11 12 13 14 15 16 17 18 19 20 21 22 23 24 25 26 27 28 29 30 31 32 33 34 35 36 37 38 
40 4 4 37 1 2 3 4 5 6 7 8 9 10 11 12 13 14 15 16 17 18 19 20 21 22 23 24 26 27 28 29 30 31 32 33 34 35 36 37 38 
41 4 18 38 1 2 3 4 5 6 7 8 9 10 11 12 13 14 15 16 17 18 19 20 21 22 23 24 25 26 27 28 29 30 31 32 33 34 35 36 37 38 
42 4 6 38 1 2 3 4 5 6 7 8 9 10 11 12 13 14 15 16 17 18 19 20 21 22 23 24 25 26 27 28 29 30 31 32 33 34 35 36 37 38 
43 4 14 38 1 2 3 4 5 6 7 8 9 10 11 12 13 14 15 16 17 18 19 20 21 22 23 24 25 26 27 28 29 30 31 32 33 34 35 36 37 38 
44 4 10 38 1 2 3 4 5 6 7 8 9 10 11 12 13 14 15 16 17 18 19 20 21 22 23 24 25 26 27 28 29 30 31 32 33 34 35 36 37 38 
45 4 12 38 1 2 3 4 5 6 7 8 9 10 11 12 13 14 15 16 17 18 19 20 21 22 23 24 25 26 27 28 29 30 31 32 33 34 35 36 37 38 
46 4 10 38 1 2 3 4 5 6 7 8 9 10 11 12 13 14 15 16 17 18 19 20 21 22 23 24 25 26 27 28 29 30 31 32 33 34 35 36 37 38 
47 4 11 37 1 2 3 4 5 6 7 8 9 10 11 12 13 14 15 16 17 18 19 20 21 22 23 24 25 26 27 28 29 30 31 33 34 35 36 37 38 
48 4 13 38 1 2 3 4 5 6 7 8 9 10 11 12 13 14 15 16 17 18 19 20 21 22 23 24 25 26 27 28 29 30 31 32 33 34 35 36 37 38 
49 4 12 33 1 2 3 4 6 7 8 10 11 12 13 14 15 16 17 18 21 22 23 24 25 26 28 29 30 31 32 33 34 35 36 37 38 
50 4 10 36 1 2 3 4 5 6 7 8 9 10 11 12 13 14 15 16 17 18 19 20 21 22 23 24 25 26 27 28 29 30 32 33 34 35 36 38 
