50 20
1 0 7 0 
2 0 14 0 
3 0 20 0 
4 0 4 0 
5 0 3 0 
6 0 18 0 
7 0 11 0 
8 0 12 0 
9 0 7 0 
10 1 13 2 6 9 
11 1 7 1 2 
12 1 4 2 3 5 
13 1 3 4 2 3 7 9 
14 1 9 1 5 
15 1 16 3 1 4 6 
16 1 19 1 3 
17 1 19 2 4 9 
18 1 5 1 7 
19 1 12 3 5 6 7 
20 1 11 3 5 7 9 
21 1 6 2 3 6 
22 1 18 1 5 
23 2 18 4 2 8 13 20 
24 2 3 8 3 6 7 11 14 15 17 18 
25 2 12 4 1 7 8 20 
26 2 8 4 7 9 10 20 
27 2 20 5 3 4 7 15 20 
28 2 16 7 1 6 9 12 15 18 21 
29 1 17 3 1 3 8 
30 2 4 5 4 8 13 14 22 
31 1 16 4 2 3 5 6 
32 3 4 8 2 3 5 15 20 22 26 28 
33 3 9 5 1 5 7 8 25 
34 2 19 4 2 6 9 21 
35 3 17 9 1 4 7 8 14 22 25 28 30 
36 3 10 6 1 7 11 19 22 23 
37 3 5 6 17 18 20 21 24 31 
38 3 12 9 3 10 11 17 20 21 22 25 29 
39 3 13 6 3 4 14 15 22 23 
40 4 9 14 1 4 8 12 13 14 15 23 24 27 29 30 36 38 
41 4 19 10 2 7 16 27 30 33 35 36 38 39 
42 4 20 10 1 6 17 19 21 26 28 30 35 39 
43 3 10 7 2 16 17 28 30 31 34 
44 4 8 11 9 10 14 20 22 24 26 28 29 31 37 
45 4 12 7 3 10 14 18 25 33 36 
46 4 14 5 2 10 13 15 39 
47 4 2 4 10 12 27 35 
48 4 10 10 1 2 9 11 12 16 23 28 34 37 
49 3 16 10 2 6 11 13 15 17 18 24 27 28 
50 4 4 7 6 12 21 24 25 32 33 
