50 20
1 0 8 0 
2 0 1 0 
3 0 10 0 
4 0 7 0 
5 0 7 0 
6 0 9 0 
7 0 8 0 
8 0 5 0 
9 0 6 0 
10 0 6 0 
11 0 4 0 
12 0 10 0 
13 0 4 0 
14 1 7 13 1 2 3 4 5 6 7 8 9 10 11 12 13 
15 1 4 13 1 2 3 4 5 6 7 8 9 10 11 12 13 
16 1 1 13 1 2 3 4 5 6 7 8 9 10 11 12 13 
17 1 9 12 1 2 3 4 5 6 7 8 9 10 12 13 
18 1 3 13 1 2 3 4 5 6 7 8 9 10 11 12 13 
19 1 8 11 1 2 3 4 5 6 8 9 10 11 13 
20 1 2 13 1 2 3 4 5 6 7 8 9 10 11 12 13 
21 1 4 13 1 2 3 4 5 6 7 8 9 10 11 12 13 
22 1 7 13 1 2 3 4 5 6 7 8 9 10 11 12 13 
23 1 5 12 2 3 4 5 6 7 8 9 10 11 12 13 
24 2 5 23 1 2 3 4 5 6 7 8 9 10 11 12 13 14 15 16 17 18 19 20 21 22 23 
25 2 4 20 1 2 3 4 5 7 8 9 10 11 12 13 14 15 16 18 20 21 22 23 
26 2 4 22 1 2 3 4 5 6 7 8 9 10 11 12 13 14 16 17 18 19 20 21 22 23 
27 2 1 22 1 2 3 4 5 6 7 8 9 10 11 12 13 14 15 17 18 19 20 21 22 23 
28 2 7 21 1 3 4 5 6 7 8 9 10 11 12 13 14 15 16 17 18 19 21 22 23 
29 2 9 23 1 2 3 4 5 6 7 8 9 10 11 12 13 14 15 16 17 18 19 20 21 22 23 
30 2 4 22 1 2 3 4 5 6 7 8 9 10 11 12 13 14 15 16 17 18 19 21 22 23 
31 3 5 29 1 2 3 4 5 6 7 8 9 10 11 12 13 14 15 16 17 18 19 20 21 22 23 24 25 26 27 29 30 
32 3 10 30 1 2 3 4 5 6 7 8 9 10 11 12 13 14 15 16 17 18 19 20 21 22 23 24 25 26 27 28 29 30 
33 3 2 29 1 2 3 4 5 6 7 8 10 11 12 13 14 15 16 17 18 19 20 21 22 23 24 25 26 27 28 29 30 
34 3 8 30 1 2 3 4 5 6 7 8 9 10 11 12 13 14 15 16 17 18 19 20 21 22 23 24 25 26 27 28 29 30 
35 3 6 30 1 2 3 4 5 6 7 8 9 10 11 12 13 14 15 16 17 18 19 20 21 22 23 24 25 26 27 28 29 30 
36 3 9 29 1 2 3 4 5 6 7 8 9 10 11 12 13 14 15 16 17 18 19 21 22 23 24 25 26 27 28 29 30 
37 3 5 30 1 2 3 4 5 6 7 8 9 10 11 12 13 14 15 16 17 18 19 20 21 22 23 24 25 26 27 28 29 30 
38 3 6 30 1 2 3 4 5 6 7 8 9 10 11 12 13 14 15 16 17 18 19 20 21 22 23 24 25 26 27 28 29 30 
39 3 3 28 2 3 4 5 6 7 8 9 11 12 13 14 15 16 17 18 19 20 21 22 23 24 25 26 27 28 29 30 
40 3 8 29 1 2 3 4 5 6 7 8 9 10 11 12 13 14 16 17 18 19 20 21 22 23 24 25 26 27 28 29 30 
41 3 3 28 1 2 3 4 5 6 7 8 9 10 11 12 13 14 15 16 18 20 21 22 23 24 25 26 27 28 29 30 
42 3 8 29 1 2 3 4 5 6 7 8 9 10 11 12 13 14 15 16 17 18 19 20 21 22 23 24 25 26 28 29 30 
43 4 4 42 1 2 3 4 5 6 7 8 9 10 11 12 13 14 15 16 17 18 19 20 21 22 23 24 25 26 27 28 29 30 31 32 33 34 35 36 37 38 39 40 41 42 
44 4 2 38 2 3 4 5 6 7 8 9 11 12 13 15 16 17 18 19 20 21 22 23 25 26 27 28 29 30 31 32 33 34 35 36 37 38 39 40 41 42 
45 4 1 40 1 2 3 4 6 7 8 9 10 11 12 13 14 15 16 17 18 19 20 21 22 23 24 25 26 27 28 29 30 31 32 33 34 35 36 38 39 40 41 42 
46 4 5 39 1 2 3 4 5 6 7 8 10 11 12 13 14 15 16 17 18 19 21 22 23 24 25 26 27 28 29 30 31 32 33 34 35 36 37 39 40 41 42 
47 4 1 41 1 2 3 4 5 6 7 8 9 10 11 12 13 14 15 16 17 18 19 20 21 22 23 24 25 26 28 29 30 31 32 33 34 35 36 37 38 39 40 41 42 
48 4 7 40 1 2 3 4 5 6 7 8 9 10 11 12 13 14 15 16 17 18 19 20 21 22 23 24 25 26 27 29 30 31 32 33 34 35 36 37 39 40 41 42 
49 4 10 41 1 2 3 4 5 6 7 8 9 10 11 12 13 14 15 16 17 18 20 21 22 23 24 25 26 27 28 29 30 31 32 33 34 35 36 37 38 39 40 41 42 
50 4 2 42 1 2 3 4 5 6 7 8 9 10 11 12 13 14 15 16 17 18 19 20 21 22 23 24 25 26 27 28 29 30 31 32 33 34 35 36 37 38 39 40 41 42 
