50 20
1 0 11 0 
2 0 7 0 
3 0 4 0 
4 0 10 0 
5 0 12 0 
6 0 8 0 
7 0 7 0 
8 0 8 0 
9 0 13 0 
10 0 15 0 
11 0 14 0 
12 1 11 2 1 2 
13 1 16 3 4 6 9 
14 0 9 0 
15 0 3 0 
16 1 11 2 7 9 
17 0 8 0 
18 1 11 4 4 5 7 14 
19 0 12 0 
20 1 12 1 15 
21 0 8 0 
22 1 9 3 2 6 14 
23 1 10 1 1 
24 0 4 0 
25 0 11 0 
26 1 13 2 2 10 
27 1 7 2 3 14 
28 1 10 2 10 24 
29 2 10 2 17 26 
30 1 14 3 2 6 21 
31 2 7 5 11 13 18 23 25 
32 2 15 4 8 13 16 18 
33 1 11 3 1 21 25 
34 2 10 5 4 7 14 18 23 
35 2 10 4 6 13 15 18 
36 1 13 2 19 24 
37 2 13 1 22 
38 2 12 3 2 11 22 
39 1 9 3 4 14 24 
40 2 7 4 3 7 9 22 
41 3 3 7 8 21 22 26 28 29 38 
42 3 19 6 1 11 15 29 36 39 
43 3 7 6 9 12 26 28 31 32 
44 3 17 5 1 4 5 27 29 
45 3 11 6 9 14 19 22 28 37 
46 3 13 9 5 8 23 28 30 36 37 39 40 
47 2 6 4 13 21 22 26 
48 3 9 8 3 5 7 9 24 29 32 39 
49 1 9 1 5 
50 3 11 2 34 40 
