50 20
1 0 5 0 
2 0 6 0 
3 0 6 0 
4 0 6 0 
5 0 6 0 
6 0 4 0 
7 0 5 0 
8 0 7 0 
9 0 7 0 
10 0 5 0 
11 1 5 1 10 
12 2 6 3 3 8 11 
13 2 5 3 3 10 11 
14 3 7 1 13 
15 0 5 0 
16 1 5 1 3 
17 0 6 0 
18 3 5 2 8 12 
19 2 5 2 8 11 
20 1 5 1 8 
21 4 6 3 1 14 20 
22 5 4 5 1 6 14 18 21 
23 3 5 3 11 13 15 
24 0 6 0 
25 6 6 5 5 6 9 18 22 
26 1 6 1 6 
27 3 6 2 3 13 
28 4 6 2 23 27 
29 4 6 3 1 3 14 
30 7 4 3 24 25 26 
31 7 6 4 6 17 18 25 
32 8 6 6 12 15 18 19 25 30 
33 9 6 7 3 5 8 14 21 29 32 
34 5 5 5 5 7 11 16 21 
35 6 6 4 19 21 22 29 
36 10 5 4 10 21 24 33 
37 9 7 3 11 29 32 
38 5 6 4 13 17 26 28 
39 9 7 4 13 27 32 35 
40 8 5 5 11 17 26 30 31 
41 5 5 6 7 9 11 21 26 29 
42 6 5 2 17 34 
43 10 4 9 7 14 17 21 25 26 37 38 39 
44 5 5 3 1 2 29 
45 11 6 6 6 11 18 24 30 36 
46 6 4 4 9 18 28 41 
47 7 6 2 7 46 
48 2 5 4 2 4 8 16 
49 9 6 8 1 3 9 19 22 27 32 48 
50 11 6 6 5 6 8 15 36 42 
