50 20
1 0 2 0 
2 0 14 0 
3 0 1 0 
4 0 4 0 
5 0 5 0 
6 0 1 0 
7 0 11 0 
8 0 5 0 
9 0 20 0 
10 1 4 4 4 6 8 9 
11 1 11 4 4 6 7 8 
12 1 10 8 1 2 3 4 5 6 7 9 
13 1 1 3 1 8 9 
14 1 18 7 1 2 3 4 6 7 9 
15 1 20 1 3 
16 1 4 6 2 3 4 6 8 9 
17 1 1 4 2 4 7 9 
18 1 22 5 2 3 4 5 9 
19 1 10 6 2 3 4 5 8 9 
20 2 1 9 1 3 4 7 8 10 11 13 19 
21 2 13 7 2 10 11 12 13 15 19 
22 2 23 7 7 8 9 13 15 17 18 
23 2 14 8 2 4 5 8 9 12 15 17 
24 2 3 12 1 3 5 8 10 11 12 13 14 16 18 19 
25 2 2 9 1 2 4 7 10 12 13 15 17 
26 2 10 11 2 3 6 7 8 9 10 11 12 13 14 
27 3 1 10 5 7 8 11 12 16 20 21 22 23 
28 3 2 15 1 4 7 8 9 10 11 12 15 19 20 22 23 25 26 
29 3 4 13 2 4 9 10 11 13 14 15 16 18 19 20 26 
30 3 1 11 3 5 13 14 16 21 22 23 24 25 26 
31 3 18 13 1 2 3 5 8 10 12 13 15 16 21 23 25 
32 3 8 11 3 4 5 7 9 10 11 15 17 22 26 
33 3 4 11 1 2 6 8 11 17 18 22 23 25 26 
34 3 25 15 3 4 5 7 9 10 12 13 14 17 18 19 20 25 26 
35 3 43 10 3 4 5 6 8 14 16 18 20 23 
36 3 22 11 3 4 7 10 11 13 14 16 17 19 20 
37 3 26 13 1 2 3 8 9 10 11 14 15 22 23 24 25 
38 4 5 21 1 2 4 5 6 9 11 12 15 19 21 22 23 24 25 26 30 33 34 35 36 
39 4 33 15 1 5 6 7 8 11 14 17 20 26 29 31 32 33 34 
40 4 27 19 1 2 6 7 8 11 12 19 21 23 25 26 27 28 30 32 34 35 37 
41 4 6 18 4 7 9 10 11 14 15 16 17 18 20 21 23 25 26 27 31 37 
42 4 18 14 3 8 9 14 17 18 19 20 21 22 28 34 35 36 
43 4 6 17 3 6 7 9 11 12 15 17 19 20 24 25 26 29 31 35 36 
44 4 5 17 2 4 5 10 11 14 15 16 19 20 22 26 28 30 31 35 37 
45 4 20 18 2 4 12 14 15 17 19 21 23 25 28 29 30 31 33 34 35 37 
46 4 2 14 1 2 5 13 14 15 17 21 22 23 26 29 30 34 
47 4 22 14 1 6 7 10 11 16 17 18 19 20 25 29 30 31 
48 4 15 17 6 7 10 11 12 17 18 20 26 27 28 29 31 34 35 36 37 
49 4 5 23 1 2 5 8 11 13 16 17 19 20 21 22 24 25 26 27 28 30 31 32 35 36 37 
50 4 14 17 1 2 5 7 8 9 15 17 19 21 22 23 25 30 33 36 37 
