50 20
1 0 10 0 
2 0 1 0 
3 0 19 0 
4 0 10 0 
5 0 3 0 
6 0 3 0 
7 0 10 0 
8 0 4 0 
9 1 17 5 1 2 5 6 7 
10 1 12 5 2 3 4 6 7 
11 1 1 7 1 2 4 5 6 7 8 
12 1 1 5 1 2 3 4 6 
13 1 9 5 2 4 5 6 8 
14 1 10 5 1 2 4 5 7 
15 1 7 6 1 2 3 4 6 7 
16 1 10 5 3 4 5 6 7 
17 1 2 6 1 2 3 4 7 8 
18 2 9 11 1 4 7 8 9 10 11 12 13 15 17 
19 2 20 13 1 2 3 4 5 7 8 9 10 11 12 16 17 
20 2 10 10 2 4 7 8 9 10 11 13 14 15 
21 2 17 14 1 2 3 4 6 7 9 10 11 12 13 14 16 17 
22 2 11 15 1 2 4 6 7 8 9 10 11 12 13 14 15 16 17 
23 2 8 11 2 3 5 6 7 8 9 10 11 14 15 
24 2 3 11 1 3 4 5 6 10 11 12 14 16 17 
25 2 1 9 1 3 4 5 6 8 12 15 16 
26 2 8 7 1 5 6 8 12 13 15 
27 2 7 9 2 4 5 6 7 9 10 12 17 
28 2 12 11 1 3 4 5 6 9 10 12 13 14 16 
29 2 15 13 1 3 4 5 6 8 9 11 12 14 15 16 17 
30 2 6 11 1 2 3 4 5 9 10 12 14 15 16 
31 2 2 8 1 5 7 9 10 11 12 13 
32 2 7 15 1 3 4 5 6 7 8 9 10 11 12 13 14 16 17 
33 2 9 10 2 4 5 7 10 12 13 14 15 17 
34 3 5 22 1 2 4 5 6 7 8 10 11 13 14 15 16 17 18 20 21 24 27 28 29 32 
35 3 5 19 3 4 5 7 8 9 11 13 15 17 19 20 21 24 25 29 30 31 33 
36 3 6 22 1 2 3 4 6 8 9 10 11 12 13 17 18 20 21 23 24 26 28 29 30 31 
37 3 2 20 1 2 6 7 9 12 13 14 15 16 18 19 21 22 23 26 27 29 30 33 
38 3 3 17 2 6 9 10 11 14 15 16 20 23 24 25 27 30 31 32 33 
39 3 6 22 1 2 4 6 8 10 12 14 16 18 19 20 22 23 24 25 27 28 29 30 31 33 
40 3 2 18 3 5 6 10 12 13 14 17 19 20 21 22 23 25 30 31 32 33 
41 3 7 21 1 4 6 7 8 9 11 12 13 14 17 19 20 21 22 28 29 30 31 32 33 
42 4 13 28 1 5 6 7 9 11 13 14 15 16 18 19 20 21 22 23 25 26 27 28 29 30 32 33 36 37 38 39 
43 4 5 28 3 4 6 8 10 11 12 13 14 16 17 18 19 21 22 23 24 25 26 28 29 31 32 34 35 36 38 41 
44 4 6 25 1 4 5 6 7 9 10 11 13 14 15 16 17 19 20 21 24 28 29 32 33 35 36 37 38 
45 4 17 26 3 4 5 7 8 10 13 14 16 17 19 20 22 23 24 25 27 28 29 31 34 37 38 39 40 41 
46 4 16 26 1 5 8 9 11 13 14 15 16 18 21 22 23 24 25 26 27 30 32 33 34 35 36 38 40 41 
47 4 3 25 2 3 6 8 9 11 14 15 16 17 21 22 25 26 28 29 30 31 32 33 35 36 37 39 41 
48 4 16 27 2 3 5 6 8 9 10 11 12 14 15 18 19 21 23 24 25 28 32 33 35 36 37 38 39 40 41 
49 4 18 29 2 3 4 6 8 9 11 12 14 15 16 17 18 19 20 22 23 25 26 27 28 31 32 33 34 35 36 39 41 
50 4 14 23 1 4 6 7 11 12 14 16 18 20 21 23 25 26 27 29 30 31 32 33 34 37 40 
