50 20
1 0 5 0 
2 0 3 0 
3 0 10 0 
4 0 5 0 
5 0 17 0 
6 0 5 0 
7 0 21 0 
8 1 1 6 1 3 4 5 6 7 
9 1 4 6 1 2 3 4 5 7 
10 1 1 5 1 3 4 6 7 
11 1 3 7 1 2 3 4 5 6 7 
12 1 2 6 1 2 3 4 5 7 
13 1 1 7 1 2 3 4 5 6 7 
14 1 18 6 1 2 3 4 6 7 
15 1 3 6 1 2 4 5 6 7 
16 1 3 5 1 2 4 5 7 
17 1 13 6 1 3 4 5 6 7 
18 1 2 7 1 2 3 4 5 6 7 
19 1 8 7 1 2 3 4 5 6 7 
20 1 1 6 1 2 3 4 6 7 
21 2 4 19 1 2 3 4 5 6 7 8 9 10 11 12 13 14 15 17 18 19 20 
22 2 3 16 1 2 3 4 5 6 7 8 9 11 12 15 16 17 18 20 
23 2 12 18 1 2 3 4 5 6 7 8 9 10 11 12 13 14 15 16 18 19 
24 2 5 15 1 2 3 4 5 6 7 8 9 10 11 12 13 14 20 
25 2 10 19 1 2 3 4 6 7 8 9 10 11 12 13 14 15 16 17 18 19 20 
26 2 15 18 2 3 4 5 7 8 9 10 11 12 13 14 15 16 17 18 19 20 
27 2 10 20 1 2 3 4 5 6 7 8 9 10 11 12 13 14 15 16 17 18 19 20 
28 2 2 20 1 2 3 4 5 6 7 8 9 10 11 12 13 14 15 16 17 18 19 20 
29 2 3 19 1 2 3 4 5 6 7 8 9 10 11 12 13 14 15 16 17 18 19 
30 2 3 20 1 2 3 4 5 6 7 8 9 10 11 12 13 14 15 16 17 18 19 20 
31 3 9 25 1 2 4 5 6 7 8 9 12 13 14 15 17 18 19 20 21 22 23 24 25 26 27 28 30 
32 3 2 25 1 2 3 4 5 7 9 10 11 12 13 14 15 16 17 18 19 21 22 23 24 25 26 27 29 
33 3 3 29 1 2 3 4 5 6 7 8 9 10 11 12 13 14 15 16 17 18 19 20 21 22 23 24 25 26 27 28 30 
34 3 11 27 1 2 4 6 7 8 9 10 11 12 13 14 15 16 17 18 19 20 21 22 23 24 25 26 28 29 30 
35 3 25 29 1 2 3 4 5 6 7 8 9 10 11 13 14 15 16 17 18 19 20 21 22 23 24 25 26 27 28 29 30 
36 3 12 28 1 2 3 4 5 6 7 8 9 10 11 12 13 14 15 16 17 19 20 21 22 23 25 26 27 28 29 30 
37 3 1 25 1 2 3 4 5 9 10 11 12 13 14 15 16 18 19 20 21 22 23 24 26 27 28 29 30 
38 4 2 36 1 2 3 4 5 6 7 8 9 10 11 12 13 14 15 16 17 18 19 20 21 22 23 24 26 27 28 29 30 31 32 33 34 35 36 37 
39 4 19 32 1 2 5 6 7 8 9 11 12 14 15 16 17 18 19 20 21 22 23 24 25 26 27 28 29 30 31 32 33 34 35 36 
40 4 1 32 1 2 4 5 6 7 8 9 12 13 14 15 16 17 18 19 20 21 22 23 24 25 26 27 28 29 30 32 33 35 36 37 
41 4 9 32 2 4 5 6 7 8 9 10 11 12 15 16 17 18 19 20 21 22 23 24 25 26 28 29 30 31 32 33 34 35 36 37 
42 4 6 34 1 2 3 5 6 7 8 9 10 11 12 13 14 15 16 17 18 19 21 22 23 24 25 26 27 28 29 30 31 32 33 34 35 37 
43 4 3 32 2 3 4 5 6 7 8 9 10 11 12 14 15 16 17 18 19 20 21 22 23 24 25 27 28 29 31 32 33 34 35 36 
44 4 3 34 1 2 3 4 5 6 7 9 11 12 13 14 15 16 17 18 19 20 21 23 24 25 26 27 28 29 30 31 32 33 34 35 36 37 
45 4 19 34 1 3 4 5 6 7 8 9 10 11 12 13 14 15 16 17 18 19 20 21 22 23 24 25 27 28 29 30 31 33 34 35 36 37 
46 4 9 34 1 2 3 4 5 6 7 8 9 10 11 12 13 15 16 17 18 19 20 21 23 24 25 26 27 28 29 30 32 33 34 35 36 37 
47 4 2 32 1 2 3 4 5 6 8 9 10 11 12 13 14 15 16 17 18 19 20 21 22 23 24 26 27 29 30 31 34 35 36 37 
48 4 2 28 1 2 3 4 6 7 9 10 12 13 15 16 17 20 21 22 23 24 25 27 30 31 32 33 34 35 36 37 
49 4 12 36 1 2 3 4 5 6 7 8 9 10 11 12 13 14 15 16 17 18 19 20 21 22 23 25 26 27 28 29 30 31 32 33 34 35 36 37 
50 4 4 34 1 3 4 5 6 7 8 9 10 11 12 13 14 15 16 17 18 19 20 21 22 23 24 25 26 27 28 29 30 31 34 35 36 37 
