50 2
1 0 7 0 
2 0 2 0 
3 0 2 0 
4 0 18 0 
5 0 18 0 
6 0 16 0 
7 1 12 2 1 3 
8 1 10 3 1 3 4 
9 1 11 3 1 2 6 
10 2 18 1 8 
11 1 15 1 3 
12 2 14 1 11 
13 0 19 0 
14 2 9 3 5 6 7 
15 2 11 1 11 
16 3 20 6 1 6 9 10 12 13 
17 4 5 4 4 9 11 16 
18 5 12 3 3 10 17 
19 3 15 3 5 6 15 
20 5 15 3 5 15 17 
21 0 19 0 
22 5 9 4 1 6 17 21 
23 6 7 3 2 9 22 
24 3 20 1 14 
25 6 1 3 3 15 22 
26 7 11 4 9 22 23 25 
27 7 13 3 17 20 25 
28 8 8 4 7 17 20 27 
29 6 12 4 3 5 18 21 
30 8 15 5 5 10 11 18 26 
31 9 11 8 5 8 10 11 15 17 23 28 
32 3 13 4 2 4 7 15 
33 8 13 3 17 19 26 
34 9 20 3 3 23 30 
35 10 18 3 2 31 33 
36 10 14 5 6 12 15 18 34 
37 11 6 9 5 9 13 19 20 21 26 30 35 
38 6 20 5 2 7 16 21 22 
39 10 15 10 3 9 12 17 21 25 30 32 34 38 
40 10 15 5 11 14 17 29 34 
41 9 11 8 2 9 20 24 25 26 30 32 
42 10 7 6 3 16 25 30 32 34 
43 8 17 4 3 14 18 27 
44 8 13 5 2 16 19 26 32 
45 10 13 5 15 21 29 33 34 
46 7 3 8 4 11 13 14 15 21 23 29 
47 8 19 8 1 5 12 14 24 25 27 38 
48 9 14 6 7 14 15 17 43 47 
49 12 8 6 16 33 37 39 42 43 
50 13 14 11 5 12 22 26 30 33 43 44 45 46 49 
