50 20
1 0 5 0 
2 0 11 0 
3 0 10 0 
4 0 6 0 
5 1 10 1 4 
6 1 5 1 2 
7 0 11 0 
8 1 5 3 1 2 7 
9 2 4 1 6 
10 0 15 0 
11 3 13 3 4 5 9 
12 4 8 1 11 
13 1 8 1 4 
14 1 5 2 3 10 
15 3 11 2 9 10 
16 5 6 4 6 11 12 15 
17 5 5 3 7 11 12 
18 4 14 2 13 15 
19 5 5 2 8 12 
20 1 6 1 2 
21 5 15 2 9 18 
22 6 3 6 2 5 7 14 17 20 
23 2 14 2 3 20 
24 5 6 4 8 9 12 15 
25 7 7 4 5 11 19 22 
26 6 11 8 1 3 6 7 10 12 15 24 
27 5 4 4 5 13 18 23 
28 6 6 5 11 15 17 19 21 
29 8 11 4 6 10 23 25 
30 6 5 4 14 16 18 19 
31 5 4 3 10 18 23 
32 7 7 8 11 16 19 20 21 27 30 31 
33 6 12 4 2 7 20 21 
34 7 14 9 1 7 9 11 12 18 19 20 22 
35 7 13 5 5 7 18 20 22 
36 7 13 5 5 15 17 20 22 
37 6 6 2 6 21 
38 8 6 9 15 21 22 23 24 26 30 36 37 
39 9 5 7 9 11 16 19 28 29 32 
40 8 12 5 18 25 27 30 36 
41 9 5 7 3 9 20 28 35 37 38 
42 10 10 10 14 15 20 28 30 32 33 37 38 39 
43 9 5 9 12 13 18 24 29 30 34 36 40 
44 10 5 10 9 12 13 14 20 23 29 30 38 43 
45 11 5 6 8 9 15 36 43 44 
46 8 7 9 3 8 9 12 16 18 34 36 37 
47 11 9 7 2 25 33 35 42 43 46 
48 8 6 6 6 9 12 13 30 35 
49 12 11 9 2 18 24 32 38 40 42 46 47 
50 13 12 12 2 5 10 19 20 21 31 35 39 41 47 49 
