50 20
1 0 6 0 
2 0 5 0 
3 0 6 0 
4 0 5 0 
5 0 5 0 
6 0 6 0 
7 0 6 0 
8 1 5 5 1 2 3 4 5 
9 1 6 4 3 5 6 7 
10 1 6 5 3 4 5 6 7 
11 1 7 5 2 3 4 5 6 
12 1 6 7 1 2 3 4 5 6 7 
13 1 7 6 1 3 4 5 6 7 
14 1 5 7 1 2 3 4 5 6 7 
15 1 5 7 1 2 3 4 5 6 7 
16 1 6 7 1 2 3 4 5 6 7 
17 1 6 5 1 2 5 6 7 
18 2 5 15 1 2 3 4 5 6 7 8 9 11 13 14 15 16 17 
19 2 5 16 1 2 4 5 6 7 8 9 10 11 12 13 14 15 16 17 
20 2 6 12 1 4 5 6 7 9 10 11 12 13 15 17 
21 2 5 17 1 2 3 4 5 6 7 8 9 10 11 12 13 14 15 16 17 
22 2 5 13 1 2 3 4 5 6 7 9 11 13 14 16 17 
23 2 5 15 1 4 5 6 7 8 9 10 11 12 13 14 15 16 17 
24 2 6 17 1 2 3 4 5 6 7 8 9 10 11 12 13 14 15 16 17 
25 2 5 15 1 2 3 4 5 6 7 8 10 11 12 14 15 16 17 
26 2 5 12 1 2 4 5 6 7 8 9 11 12 13 16 
27 2 4 15 1 2 3 4 5 6 7 9 11 12 13 14 15 16 17 
28 2 5 13 1 2 3 4 5 6 7 8 9 11 15 16 17 
29 2 5 16 1 2 3 4 5 6 7 8 9 10 11 12 13 14 16 17 
30 2 5 14 1 2 3 5 6 7 8 9 12 13 14 15 16 17 
31 2 5 16 1 2 3 4 5 7 8 9 10 11 12 13 14 15 16 17 
32 3 5 29 2 3 4 5 6 7 8 9 10 12 13 14 15 16 17 18 19 20 21 22 23 24 25 26 27 28 29 30 31 
33 3 5 25 1 2 3 5 8 9 10 11 13 14 15 16 17 18 20 21 22 23 24 25 26 27 28 29 30 
34 3 6 20 1 4 5 7 9 10 13 14 15 16 17 18 19 20 21 23 24 25 26 29 
35 3 6 25 1 2 3 4 6 7 8 9 10 11 12 13 14 16 17 18 21 22 23 24 25 26 27 28 29 
36 3 6 25 1 2 3 4 5 9 10 11 12 14 15 17 18 19 20 21 22 23 24 25 26 27 29 30 31 
37 3 7 27 1 2 4 5 6 8 9 10 11 12 13 14 15 16 17 18 19 20 21 22 23 25 27 28 29 30 31 
38 3 6 27 2 3 4 5 6 7 8 9 11 12 13 14 16 17 18 19 20 21 22 23 24 26 27 28 29 30 31 
39 3 7 25 1 2 3 4 5 7 8 9 10 11 12 13 14 15 16 18 21 22 23 24 26 27 28 29 31 
40 3 5 26 2 3 4 5 6 7 8 10 11 12 13 15 16 17 18 19 20 21 22 23 24 25 26 27 28 30 
41 3 6 25 1 2 3 5 6 7 8 9 12 14 15 16 18 19 20 22 23 24 25 26 27 28 29 30 31 
42 3 5 26 1 2 3 4 5 6 7 8 9 10 11 12 13 14 16 18 19 20 23 24 25 27 28 29 30 31 
43 4 6 36 1 2 5 6 8 9 10 11 12 13 14 15 16 18 19 20 21 22 23 24 25 27 28 29 30 31 32 33 34 36 37 38 39 40 41 42 
44 4 5 32 2 3 4 5 6 8 9 10 11 12 13 16 17 18 19 22 23 26 27 28 29 30 31 32 33 35 36 37 39 40 41 42 
45 4 7 35 1 2 3 4 5 6 8 9 10 11 12 13 14 15 16 18 19 20 21 22 24 25 28 30 31 33 34 35 36 37 38 39 40 41 42 
46 4 6 34 1 2 3 5 6 7 8 9 10 12 13 14 17 18 19 20 21 22 24 25 26 28 29 30 31 32 33 35 36 37 38 39 41 42 
47 4 5 37 1 2 3 4 6 7 8 10 11 12 13 14 15 16 17 18 19 21 23 24 25 26 27 28 29 31 32 33 34 35 36 37 38 39 40 41 42 
48 4 5 33 1 2 3 5 7 8 9 10 12 13 14 15 16 18 19 20 21 24 25 27 28 31 32 33 34 35 36 37 38 39 40 41 42 
49 4 5 29 2 4 5 6 7 9 10 11 13 14 16 17 19 21 22 23 24 25 28 29 30 31 34 35 37 38 39 40 41 
50 4 6 34 2 3 4 5 7 8 9 10 12 13 14 15 16 18 19 20 22 23 24 25 26 27 29 30 31 32 33 34 35 36 38 39 40 42 
