50 20
1 0 12 0 
2 0 1 0 
3 0 2 0 
4 0 6 0 
5 0 4 0 
6 0 12 0 
7 0 1 0 
8 0 5 0 
9 0 8 0 
10 0 2 0 
11 0 2 0 
12 1 4 3 1 6 9 
13 1 15 1 6 
14 1 1 1 10 
15 1 20 2 1 5 
16 1 18 2 1 5 
17 1 4 2 1 2 
18 1 2 2 2 7 
19 1 10 2 1 4 
20 1 5 1 3 
21 1 8 3 1 8 10 
22 2 1 2 7 20 
23 2 1 4 8 10 13 16 
24 1 2 1 11 
25 0 4 0 
26 1 4 2 4 11 
27 1 3 1 8 
28 0 4 0 
29 2 6 2 15 19 
30 1 4 2 2 5 
31 2 15 2 8 12 
32 2 3 5 9 10 24 25 30 
33 2 2 4 1 3 19 20 
34 3 6 9 2 4 12 14 20 23 24 26 31 
35 3 7 8 2 5 6 11 17 21 24 31 
36 2 1 1 30 
37 2 6 4 8 18 24 25 
38 3 3 5 1 19 22 24 25 
39 3 18 6 2 4 9 10 21 31 
40 3 8 6 1 3 8 13 29 31 
41 4 7 9 1 6 8 13 14 19 24 35 39 
42 4 12 8 10 15 21 23 25 35 37 39 
43 3 4 5 7 12 14 22 31 
44 4 4 5 8 17 20 37 38 
45 2 3 5 8 12 13 17 20 
46 4 8 8 2 5 16 17 18 20 28 34 
47 2 2 2 12 27 
48 4 2 5 7 12 14 20 34 
49 4 1 4 5 7 13 35 
50 2 7 6 6 8 10 11 17 28 
