50 20
1 0 8 0 
2 0 3 0 
3 0 5 0 
4 0 6 0 
5 0 8 0 
6 0 1 0 
7 0 8 0 
8 0 7 0 
9 0 1 0 
10 0 10 0 
11 1 5 1 5 
12 1 7 2 2 9 
13 0 8 0 
14 0 8 0 
15 0 9 0 
16 1 6 1 1 
17 1 9 1 2 
18 0 2 0 
19 0 3 0 
20 1 2 3 3 4 8 
21 1 2 2 3 7 
22 0 9 0 
23 1 3 2 1 3 
24 1 3 2 3 13 
25 2 3 1 16 
26 1 10 1 9 
27 1 9 1 4 
28 1 8 2 10 14 
29 2 10 3 5 12 18 
30 1 1 2 6 7 
31 1 9 2 5 14 
32 1 9 1 14 
33 1 1 1 5 
34 3 10 2 10 25 
35 2 2 4 3 15 21 30 
36 2 5 2 1 16 
37 0 9 0 
38 2 6 3 5 21 26 
39 1 2 2 10 14 
40 3 3 2 21 25 
41 3 9 3 11 15 25 
42 3 9 5 3 6 11 20 38 
43 2 8 2 17 22 
44 1 2 1 15 
45 2 7 2 15 26 
46 2 9 1 32 
47 2 4 3 4 14 31 
48 2 4 1 20 
49 4 3 5 14 26 34 35 40 
50 3 7 3 10 32 38 
