50 20
1 0 14 0 
2 0 10 0 
3 0 12 0 
4 0 14 0 
5 0 11 0 
6 0 9 0 
7 0 7 0 
8 0 9 0 
9 0 11 0 
10 0 15 0 
11 0 13 0 
12 0 12 0 
13 0 7 0 
14 0 12 0 
15 0 12 0 
16 1 6 3 4 8 10 
17 1 12 2 3 9 
18 1 8 3 3 13 15 
19 1 13 3 8 11 13 
20 1 8 4 1 2 4 5 
21 1 7 3 3 7 11 
22 1 10 5 2 6 7 9 10 
23 2 9 3 6 11 17 
24 2 8 6 1 3 11 14 21 22 
25 2 8 3 4 15 16 
26 2 10 1 20 
27 2 8 4 1 6 10 22 
28 2 9 2 4 18 
29 1 8 3 1 5 14 
30 2 15 4 4 7 16 20 
31 2 13 6 2 3 12 15 17 20 
32 2 6 4 4 6 17 22 
33 3 4 6 3 10 14 19 28 29 
34 3 13 8 2 4 10 20 22 23 24 29 
35 3 13 8 2 7 11 18 19 23 30 31 
36 3 5 7 6 12 17 24 26 30 32 
37 3 12 8 2 7 15 16 17 20 21 28 
38 2 10 4 5 6 7 17 
39 3 12 4 17 24 29 30 
40 3 12 7 10 16 19 21 23 27 31 
41 2 12 5 2 3 10 20 29 
42 4 8 7 13 21 24 27 34 37 38 
43 4 14 6 15 19 29 38 39 41 
44 4 15 10 4 9 12 15 18 20 25 32 36 38 
45 4 11 5 1 26 28 40 41 
46 3 8 5 6 10 13 22 38 
47 3 13 4 5 7 24 41 
48 3 11 7 4 7 8 13 14 17 24 
49 4 7 10 2 3 5 11 16 33 35 38 39 40 
50 4 9 9 3 6 12 13 29 33 37 40 41 
