50 20
1 0 2 0 
2 0 2 0 
3 0 8 0 
4 0 4 0 
5 0 1 0 
6 1 8 1 1 
7 0 7 0 
8 0 8 0 
9 0 3 0 
10 0 2 0 
11 2 1 1 6 
12 0 6 0 
13 1 4 3 5 8 9 
14 2 2 2 7 13 
15 0 8 0 
16 1 8 1 7 
17 1 9 2 7 8 
18 0 6 0 
19 0 5 0 
20 1 10 2 3 4 
21 3 6 4 4 8 14 17 
22 2 1 2 6 8 
23 3 9 4 3 11 15 16 
24 2 5 2 6 12 
25 3 10 3 17 18 24 
26 1 2 3 3 9 18 
27 3 3 3 9 14 20 
28 2 4 2 17 26 
29 0 10 0 
30 2 8 2 1 13 
31 3 8 3 2 11 19 
32 3 6 3 11 15 29 
33 3 2 1 22 
34 3 7 4 12 13 17 24 
35 1 5 1 5 
36 4 5 2 21 23 
37 3 10 3 11 12 26 
38 1 7 2 1 18 
39 4 10 5 5 9 23 30 32 
40 4 9 3 6 19 25 
41 4 10 4 21 24 31 33 
42 0 6 0 
43 2 5 2 6 16 
44 5 3 2 8 41 
45 6 8 4 11 21 29 44 
46 6 1 4 2 27 34 44 
47 4 6 5 9 11 15 17 33 
48 5 1 3 17 23 40 
49 7 8 3 19 43 45 
50 3 10 2 2 11 
