50 20
1 0 10 0 
2 0 2 0 
3 0 9 0 
4 0 1 0 
5 0 6 0 
6 0 2 0 
7 0 7 0 
8 1 4 1 5 
9 1 4 2 3 6 
10 1 7 1 3 
11 1 2 1 4 
12 0 8 0 
13 1 4 2 5 6 
14 1 10 1 6 
15 1 7 1 2 
16 1 9 1 6 
17 1 3 2 1 6 
18 1 2 1 1 
19 1 6 1 2 
20 2 10 4 1 3 8 9 
21 2 5 3 4 13 16 
22 2 3 1 16 
23 0 8 0 
24 2 8 3 7 13 15 
25 2 4 3 3 15 16 
26 2 3 1 10 
27 1 2 1 7 
28 1 8 2 5 12 
29 3 6 8 3 4 9 12 15 24 25 27 
30 2 10 5 4 6 12 14 16 
31 3 7 5 2 5 15 17 26 
32 3 10 4 2 6 15 24 
33 2 6 2 6 16 
34 3 4 6 4 10 11 18 23 26 
35 3 6 6 3 4 7 8 23 24 
36 3 7 4 2 5 13 21 
37 3 2 5 1 11 15 17 20 
38 3 10 1 26 
39 3 1 3 11 16 21 
40 3 2 7 3 9 10 13 17 23 25 
41 3 4 2 7 24 
42 4 7 3 10 23 34 
43 4 1 3 9 28 39 
44 4 6 3 11 19 40 
45 4 6 2 13 39 
46 2 9 4 1 7 27 28 
47 4 8 7 3 12 16 24 25 38 40 
48 4 10 6 9 18 25 30 36 38 
49 4 9 10 5 6 10 17 21 26 28 34 39 40 
50 4 4 4 13 20 32 35 
