50 20
1 0 7 0 
2 0 6 0 
3 0 6 0 
4 0 4 0 
5 0 7 0 
6 1 4 1 3 
7 2 6 1 6 
8 1 6 2 1 2 
9 1 3 1 1 
10 2 6 4 2 3 5 6 
11 3 6 1 10 
12 1 4 1 2 
13 3 6 2 1 10 
14 1 7 2 3 5 
15 3 5 1 10 
16 2 5 3 8 9 12 
17 1 6 1 3 
18 4 6 2 9 11 
19 3 4 3 5 7 8 
20 2 6 2 12 14 
21 4 6 3 16 17 19 
22 4 5 4 6 9 16 19 
23 4 5 4 4 7 16 19 
24 4 4 3 3 7 13 
25 5 7 2 15 22 
26 5 5 5 8 12 19 22 23 
27 2 3 3 2 5 17 
28 5 5 4 5 14 21 27 
29 6 6 3 1 26 28 
30 5 5 6 6 7 8 18 24 27 
31 7 5 6 3 6 14 15 26 29 
32 7 5 6 1 12 16 21 29 30 
33 8 6 3 22 23 31 
34 9 6 8 6 8 11 13 14 18 19 33 
35 6 4 6 1 2 6 16 24 28 
36 6 7 5 10 12 14 21 26 
37 7 5 7 8 12 16 23 28 29 36 
38 10 5 5 4 14 33 34 37 
39 8 6 9 3 5 19 24 25 27 29 31 32 
40 9 5 6 5 7 13 24 33 39 
41 10 5 3 15 33 34 
42 8 6 3 17 30 31 
43 11 5 7 8 11 16 17 25 31 38 
44 6 8 5 4 6 13 19 30 
45 5 8 3 10 12 18 
46 9 7 10 7 14 16 17 19 27 28 32 35 42 
47 9 5 4 3 4 31 33 
48 11 4 4 1 29 35 41 
49 12 7 9 4 9 10 11 14 24 27 28 48 
50 12 5 7 1 17 22 37 39 44 48 
