50 20
1 0 10 0 
2 0 14 0 
3 0 7 0 
4 0 9 0 
5 0 16 0 
6 0 13 0 
7 0 13 0 
8 0 10 0 
9 0 12 0 
10 1 7 7 1 2 3 4 5 6 7 
11 1 13 7 1 2 4 5 7 8 9 
12 1 10 6 1 2 4 5 7 8 
13 1 11 1 1 
14 1 4 8 1 2 3 4 5 6 7 8 
15 1 12 4 2 4 6 7 
16 1 10 2 4 7 
17 1 9 4 2 6 7 9 
18 1 8 5 2 3 4 5 6 
19 1 11 3 2 6 7 
20 2 7 10 3 4 5 7 8 12 15 17 18 19 
21 2 12 14 1 2 4 5 6 8 9 12 13 14 16 17 18 19 
22 2 9 13 1 2 3 4 6 7 9 11 12 13 14 17 19 
23 2 10 14 1 2 3 4 5 6 7 9 13 14 16 17 18 19 
24 2 10 13 1 2 3 5 6 7 10 11 12 14 15 17 19 
25 2 13 12 2 3 4 5 7 9 11 12 13 14 15 16 
26 2 9 8 2 4 9 13 15 16 18 19 
27 2 10 12 3 4 5 6 9 10 11 12 14 15 16 18 
28 2 12 14 1 2 3 4 5 6 7 8 9 10 14 15 17 18 
29 3 11 14 2 3 6 7 11 14 15 16 17 18 22 23 24 26 
30 3 7 15 2 5 6 7 8 9 10 11 16 17 20 21 22 24 27 
31 3 9 18 1 2 3 7 8 9 11 12 13 15 16 18 19 22 23 25 26 27 
32 3 11 18 1 2 3 5 7 8 9 11 13 15 17 18 20 21 22 23 25 28 
33 3 7 13 1 6 7 11 13 15 16 18 21 22 25 26 28 
34 3 9 15 2 3 4 12 14 15 16 17 18 19 20 21 23 26 27 
35 3 11 12 4 5 9 12 14 19 20 22 23 24 26 27 
36 3 11 18 1 2 3 5 6 8 9 11 13 14 15 17 18 19 21 23 24 25 
37 3 15 14 1 3 4 5 6 11 13 14 18 19 22 24 25 27 
38 3 9 13 4 10 11 12 13 15 16 17 18 19 22 25 28 
39 3 8 19 4 6 7 8 9 10 11 12 13 14 15 17 18 19 21 22 23 24 28 
40 3 9 21 1 2 3 5 6 7 9 12 13 14 15 16 17 19 20 22 24 25 26 27 28 
41 4 11 27 1 3 4 6 9 10 11 13 14 16 17 18 19 20 21 22 24 26 28 29 30 32 33 34 37 38 40 
42 4 8 19 1 2 4 8 12 15 19 20 23 24 25 26 27 33 34 36 37 39 40 
43 4 7 23 5 6 7 8 9 11 14 16 17 18 19 20 22 24 25 26 28 29 30 32 34 35 38 
44 4 15 21 3 4 5 7 8 10 12 14 17 22 23 24 25 26 29 31 33 35 36 37 38 
45 4 6 26 1 2 3 5 7 8 9 10 11 12 13 14 15 18 19 22 23 24 27 28 29 30 32 34 38 39 
46 4 9 26 1 3 4 5 6 7 8 9 11 13 15 16 17 19 20 22 23 24 25 28 29 32 33 36 37 39 
47 4 13 22 1 5 6 8 9 10 16 17 18 21 22 25 26 27 28 29 30 31 32 36 39 40 
48 4 12 21 3 4 5 8 9 12 13 14 15 23 26 28 31 32 33 34 36 37 38 39 40 
49 4 10 18 3 4 7 8 10 11 14 17 18 19 20 21 30 31 32 33 36 40 
50 4 6 25 3 4 6 7 9 10 11 12 13 16 17 19 20 22 23 24 25 27 28 30 33 34 36 38 40 
