50 20
1 0 21 0 
2 0 1 0 
3 0 1 0 
4 0 3 0 
5 1 4 1 4 
6 1 13 1 1 
7 2 1 4 1 2 5 6 
8 3 6 3 1 6 7 
9 3 2 1 7 
10 4 1 4 1 2 4 9 
11 3 7 4 1 2 4 7 
12 0 10 0 
13 0 11 0 
14 0 1 0 
15 3 9 2 5 7 
16 4 7 1 8 
17 4 3 3 2 6 8 
18 5 12 5 4 8 9 10 16 
19 5 27 5 5 6 14 15 16 
20 6 2 5 5 9 13 14 19 
21 5 9 5 4 7 12 14 17 
22 7 6 4 1 11 17 20 
23 2 1 2 5 13 
24 5 2 3 2 15 17 
25 8 7 6 3 12 14 19 20 22 
26 8 1 3 13 15 22 
27 9 6 7 8 9 18 19 22 24 25 
28 8 29 5 5 7 11 12 22 
29 7 5 4 4 5 12 20 
30 6 14 3 18 19 23 
31 8 1 3 2 20 29 
32 9 7 5 11 14 24 26 28 
33 10 17 10 5 6 8 13 15 18 24 27 28 32 
34 4 10 2 11 14 
35 2 13 2 2 6 
36 10 8 9 10 12 15 20 25 27 30 31 34 
37 7 5 5 6 7 8 20 34 
38 11 20 6 8 9 10 11 27 33 
39 10 23 14 4 5 9 11 12 14 15 19 22 24 27 28 31 32 
40 10 6 10 2 7 17 20 26 27 29 30 31 35 
41 11 1 8 1 2 3 6 22 28 31 40 
42 11 2 7 2 4 5 12 16 33 39 
43 12 12 17 1 3 5 11 13 17 18 23 31 32 33 35 37 39 40 41 42 
44 13 3 10 4 8 14 16 17 25 28 32 36 43 
45 12 11 5 7 13 22 31 42 
46 14 34 13 4 8 13 17 21 22 23 29 31 32 35 43 44 
47 12 2 6 13 15 27 35 37 42 
48 13 6 11 4 10 13 15 18 20 21 30 40 42 43 
49 10 4 7 9 12 14 22 32 35 37 
50 10 1 8 3 5 11 15 16 20 27 28 
