50 20
1 0 6 0 
2 1 10 1 1 
3 0 8 0 
4 1 9 1 1 
5 2 6 1 4 
6 3 14 1 5 
7 0 9 0 
8 0 20 0 
9 2 2 1 2 
10 4 4 6 1 3 4 6 7 8 
11 3 16 3 1 7 9 
12 0 12 0 
13 1 8 2 3 8 
14 5 3 3 7 10 11 
15 3 1 5 1 3 5 7 13 
16 4 3 5 1 5 6 7 9 
17 5 2 3 5 10 13 
18 6 3 5 3 4 5 12 17 
19 6 2 4 2 6 10 14 
20 5 18 2 5 16 
21 5 10 4 1 3 12 16 
22 7 4 7 4 7 10 13 14 16 19 
23 7 10 6 2 10 12 19 20 21 
24 6 11 6 3 4 5 9 16 20 
25 1 10 3 3 7 12 
26 4 20 4 8 9 12 15 
27 5 8 4 1 6 10 25 
28 7 7 10 1 2 6 9 10 11 13 14 19 24 
29 8 4 8 3 5 12 17 23 24 26 27 
30 8 2 7 1 6 13 15 16 22 27 
31 9 8 11 3 4 5 6 14 19 21 23 25 28 30 
32 9 9 8 7 11 20 25 26 27 29 30 
33 7 6 5 12 14 16 18 21 
34 10 3 9 1 4 15 23 25 26 28 29 32 
35 9 10 11 2 4 6 8 9 16 19 22 23 26 30 
36 10 2 9 1 3 9 11 15 19 28 32 35 
37 11 16 14 1 2 4 5 13 17 22 25 26 28 30 32 33 36 
38 12 1 10 4 5 8 14 18 20 25 28 36 37 
39 10 16 10 2 6 10 18 21 24 25 27 29 32 
40 13 3 16 2 3 6 10 12 13 16 19 20 22 32 35 36 37 38 39 
41 14 19 10 10 15 16 20 22 25 29 31 35 40 
42 11 9 12 1 2 3 6 11 12 14 20 21 23 32 39 
43 13 11 6 9 19 20 23 34 38 
44 8 3 8 6 14 16 19 20 25 26 28 
45 15 20 10 6 9 10 13 14 16 22 27 41 43 
46 16 1 8 2 17 24 29 37 42 44 45 
47 17 12 12 5 9 10 13 21 22 24 28 33 36 42 46 
48 15 13 10 1 3 9 15 17 21 27 31 39 41 
49 18 4 11 16 22 25 29 30 34 36 39 41 42 47 
50 18 18 17 3 4 7 8 13 15 17 21 24 26 28 30 32 39 42 47 48 
