50 20
1 0 4 0 
2 0 6 0 
3 1 5 1 1 
4 2 5 2 1 3 
5 3 6 2 2 4 
6 4 7 3 1 4 5 
7 4 6 3 1 2 5 
8 5 6 5 1 3 4 5 6 
9 5 5 5 2 3 4 6 7 
10 6 7 4 1 3 6 9 
11 7 4 5 1 2 3 8 10 
12 8 5 5 1 4 6 8 11 
13 9 5 6 1 2 6 9 10 12 
14 10 5 7 4 5 7 9 11 12 13 
15 8 5 5 2 3 7 9 11 
16 11 5 7 2 7 8 9 10 11 14 
17 10 7 6 2 3 10 12 13 15 
18 11 7 10 3 4 5 6 7 9 12 14 15 17 
19 12 6 6 2 6 9 10 16 17 
20 12 4 10 1 3 4 5 6 9 11 14 17 18 
21 12 4 9 2 3 4 6 9 13 15 16 17 
22 13 8 9 1 2 3 5 6 7 16 17 19 
23 13 5 6 1 5 6 8 18 19 
24 14 6 11 2 3 5 7 8 9 11 12 16 18 23 
25 14 4 13 1 2 3 5 6 8 9 10 11 15 18 20 23 
26 11 5 8 3 4 7 11 12 13 14 17 
27 15 6 15 3 5 7 8 9 13 15 17 18 19 20 22 23 24 25 
28 16 7 13 3 4 6 12 14 16 17 18 19 21 22 24 27 
29 16 7 12 2 4 5 6 7 10 14 21 22 24 25 27 
30 17 4 13 2 3 8 10 11 12 15 21 23 25 26 28 29 
31 18 6 15 2 5 6 9 11 13 14 15 16 18 19 21 22 23 30 
32 19 5 13 3 5 14 16 18 19 21 25 26 27 28 29 31 
33 20 5 16 2 3 7 8 12 15 17 19 22 23 25 26 28 29 30 32 
34 21 6 15 1 2 5 14 16 17 18 19 22 24 26 29 30 31 33 
35 21 5 15 3 4 7 10 11 12 13 15 16 17 18 25 31 32 33 
36 22 6 16 2 4 7 14 15 16 17 18 19 20 21 28 29 30 34 35 
37 23 7 18 1 3 4 5 6 7 10 11 17 19 20 26 29 30 31 33 34 36 
38 24 4 19 4 7 9 12 14 17 18 19 20 21 26 27 29 30 32 33 34 35 37 
39 23 4 19 3 5 6 7 9 11 14 17 20 21 23 24 25 28 29 31 32 34 36 
40 25 6 16 1 2 4 7 13 14 15 21 23 24 26 30 32 36 37 38 
41 24 6 21 1 2 3 4 6 9 10 11 13 19 20 21 22 25 29 30 31 35 36 37 39 
42 24 4 18 3 4 5 7 8 11 13 16 17 18 23 26 28 30 31 34 36 37 
43 25 7 20 1 2 3 5 6 7 8 10 11 18 24 25 29 32 35 36 37 39 41 42 
44 26 6 18 2 4 8 12 13 14 15 16 17 20 22 26 27 30 32 36 41 43 
45 26 5 19 1 3 5 8 9 10 13 14 15 18 20 22 25 26 29 35 36 42 43 
46 27 5 22 2 4 9 10 11 14 15 16 17 18 19 20 25 29 30 36 37 40 41 42 44 45 
47 27 5 22 4 7 11 12 13 15 16 18 21 24 25 26 30 31 32 33 38 40 41 42 43 45 
48 28 5 22 2 6 8 9 10 12 14 15 17 18 24 26 30 31 33 38 39 41 42 43 45 46 
49 29 3 23 1 6 8 9 13 16 20 22 23 24 26 27 29 30 31 33 34 37 39 40 41 47 48 
50 27 6 21 2 3 8 10 11 12 15 16 17 22 26 29 30 32 35 38 39 40 41 42 45 
