50 20
1 0 28 0 
2 0 20 0 
3 0 11 0 
4 0 15 0 
5 0 8 0 
6 0 1 0 
7 0 13 0 
8 1 10 7 1 2 3 4 5 6 7 
9 1 9 7 1 2 3 4 5 6 7 
10 1 9 7 1 2 3 4 5 6 7 
11 1 45 3 1 4 7 
12 1 8 5 1 2 4 6 7 
13 1 7 7 1 2 3 4 5 6 7 
14 1 9 7 1 2 3 4 5 6 7 
15 1 1 5 1 2 4 5 6 
16 1 45 7 1 2 3 4 5 6 7 
17 1 12 7 1 2 3 4 5 6 7 
18 1 24 7 1 2 3 4 5 6 7 
19 1 5 6 1 2 3 5 6 7 
20 1 3 7 1 2 3 4 5 6 7 
21 1 6 5 2 3 4 5 6 
22 2 7 16 1 2 3 4 5 6 7 8 9 11 13 15 16 17 20 21 
23 2 4 20 1 2 3 4 6 7 8 9 10 11 12 13 14 15 16 17 18 19 20 21 
24 2 10 19 1 2 3 5 6 7 8 9 10 11 12 13 14 15 16 18 19 20 21 
25 2 1 13 1 3 4 5 9 12 14 15 16 18 19 20 21 
26 2 4 19 1 2 3 4 5 6 7 8 9 10 12 13 14 15 16 17 18 20 21 
27 2 13 18 1 2 3 4 5 6 7 9 10 11 14 15 16 17 18 19 20 21 
28 2 2 19 1 2 3 4 5 6 7 8 9 10 12 13 14 15 17 18 19 20 21 
29 2 10 17 1 2 4 5 7 8 9 10 11 12 13 14 15 18 19 20 21 
30 2 1 18 1 2 3 4 5 6 7 8 10 11 12 15 16 17 18 19 20 21 
31 2 1 19 1 2 3 4 5 6 7 9 10 11 12 13 14 15 16 17 18 20 21 
32 3 6 23 1 4 6 8 9 11 12 14 15 16 17 18 19 20 21 22 23 25 27 28 29 30 31 
33 3 21 29 1 2 4 5 6 7 8 9 10 11 12 13 14 15 16 17 18 19 20 21 22 24 25 26 27 28 29 30 31 
34 3 8 25 1 2 3 4 5 7 8 9 12 13 15 16 17 18 19 20 21 22 23 25 26 27 29 30 31 
35 3 9 28 1 2 4 5 6 7 9 10 11 12 13 14 15 16 17 18 19 21 22 23 24 25 26 27 28 29 30 31 
36 3 12 22 3 4 5 6 7 9 10 11 13 14 15 17 19 20 21 22 23 26 27 29 30 31 
37 3 11 25 1 2 3 4 6 7 9 10 11 12 14 15 16 17 18 19 20 21 22 24 26 27 28 29 31 
38 3 42 28 1 2 3 4 5 6 7 9 10 11 12 13 14 15 16 17 18 19 20 22 23 24 25 26 27 29 30 31 
39 3 2 27 1 3 4 5 6 7 8 9 10 12 14 15 16 17 18 19 21 22 23 24 25 26 27 28 29 30 31 
40 3 1 26 1 2 3 4 6 7 8 9 10 11 12 13 14 15 16 17 18 19 21 22 24 26 27 28 30 31 
41 3 19 26 2 3 4 5 6 7 8 9 10 11 13 14 15 16 17 18 19 21 22 23 24 26 27 28 30 31 
42 3 1 26 1 2 3 4 5 7 8 9 10 11 12 13 14 15 16 18 20 23 24 25 26 27 28 29 30 31 
43 4 1 39 1 2 3 4 5 6 7 8 9 10 11 12 13 14 16 17 18 19 20 21 22 23 24 26 27 28 29 30 31 32 33 34 35 36 37 38 39 41 42 
44 4 27 37 1 3 4 6 7 8 9 10 11 12 13 14 15 16 17 18 19 20 21 22 23 24 26 27 28 29 30 31 32 33 34 35 36 38 39 41 42 
45 4 1 30 1 2 3 4 7 8 9 12 13 14 16 17 18 19 20 21 22 23 24 25 26 28 29 30 31 34 35 37 41 42 
46 4 2 38 2 3 4 5 6 7 8 10 11 12 13 14 15 16 17 18 19 20 21 22 23 24 26 27 28 29 30 31 33 34 35 36 37 38 39 40 41 42 
47 4 8 39 1 2 3 4 5 6 7 8 9 10 11 12 13 14 15 17 18 19 20 21 22 23 24 25 27 28 29 30 31 32 34 35 36 37 38 39 40 41 42 
48 4 3 37 1 2 3 4 5 6 7 8 9 10 11 12 13 15 16 17 18 19 20 21 22 23 24 25 28 29 31 32 34 35 36 37 38 39 40 41 42 
49 4 16 34 1 2 3 4 6 7 8 9 10 11 12 14 17 18 19 20 21 22 23 24 26 27 28 29 30 31 32 34 36 37 38 40 41 42 
50 4 1 33 1 2 3 4 5 6 9 10 12 13 15 16 17 19 21 22 23 24 26 28 29 30 31 32 33 34 35 37 38 39 40 41 42 
