50 20
1 0 5 0 
2 0 3 0 
3 0 5 0 
4 0 9 0 
5 0 9 0 
6 0 3 0 
7 0 4 0 
8 0 4 0 
9 0 2 0 
10 0 5 0 
11 0 3 0 
12 1 4 8 2 3 4 7 8 9 10 11 
13 1 10 10 1 2 3 4 5 6 8 9 10 11 
14 1 8 9 2 3 4 5 6 7 8 9 11 
15 1 8 9 1 2 3 6 7 8 9 10 11 
16 1 2 6 2 3 4 8 10 11 
17 1 4 10 1 2 3 4 5 6 7 9 10 11 
18 1 9 10 1 2 3 4 5 6 7 8 9 10 
19 1 9 8 1 2 4 5 6 7 8 10 
20 1 10 10 1 2 4 5 6 7 8 9 10 11 
21 2 9 16 1 3 4 5 6 7 8 9 11 12 14 16 17 18 19 20 
22 2 6 17 1 2 3 5 6 8 9 10 11 12 13 14 16 17 18 19 20 
23 2 9 16 1 2 3 4 5 6 7 8 9 10 11 13 14 16 17 20 
24 2 7 18 1 2 3 4 6 7 8 9 10 11 12 13 14 15 16 18 19 20 
25 2 7 15 2 3 4 5 7 8 9 10 11 12 13 15 18 19 20 
26 2 4 15 1 2 3 4 5 6 8 9 10 12 14 15 16 18 19 
27 2 6 16 1 2 3 4 5 6 7 10 11 12 14 15 16 17 18 20 
28 2 7 17 2 3 5 6 7 8 9 10 11 12 13 15 16 17 18 19 20 
29 2 5 15 1 3 7 8 9 10 11 12 13 15 16 17 18 19 20 
30 2 9 13 1 3 5 6 7 9 11 12 13 15 16 17 19 
31 3 3 25 1 2 3 4 5 6 7 8 9 10 13 14 15 16 18 19 20 21 23 24 25 26 27 28 30 
32 3 3 23 1 2 4 5 6 9 10 11 12 13 14 16 18 19 20 22 23 24 25 26 27 28 30 
33 3 6 22 1 2 4 5 8 9 12 13 14 15 16 17 18 19 20 22 23 24 26 27 29 30 
34 3 3 24 2 3 5 6 7 8 10 11 12 13 15 16 17 19 20 21 22 23 24 25 26 27 28 30 
35 3 10 23 2 3 4 5 7 9 10 12 13 14 15 17 18 20 21 22 23 24 25 26 27 29 30 
36 3 1 23 1 3 4 5 6 8 9 10 11 12 13 14 15 17 19 21 24 25 26 27 28 29 30 
37 3 6 27 1 2 3 4 5 7 8 9 10 11 12 13 14 15 17 18 19 20 21 22 23 24 25 26 27 28 30 
38 4 1 30 1 2 3 4 5 6 7 8 9 11 12 13 14 15 16 17 18 20 21 22 23 25 26 28 29 30 32 33 35 37 
39 4 10 35 1 2 3 4 5 6 7 8 10 11 12 13 14 15 16 17 18 19 20 21 22 23 24 25 27 28 29 30 31 32 33 34 35 36 37 
40 4 5 26 1 2 4 5 6 7 10 11 12 14 15 16 18 21 22 23 24 25 28 30 31 32 33 34 35 36 
41 4 4 30 1 2 4 5 6 7 8 10 11 12 13 14 15 16 17 18 19 20 21 23 24 25 26 27 28 29 32 34 35 36 
42 4 7 30 1 3 4 5 7 8 10 11 13 14 15 16 17 19 20 21 22 23 24 25 26 28 30 31 32 33 34 35 36 37 
43 4 8 31 1 2 3 4 7 8 9 10 11 12 13 14 15 16 17 18 21 22 23 24 25 27 28 29 30 31 32 34 35 36 37 
44 4 6 30 1 2 3 4 5 6 7 8 9 11 12 13 14 15 16 17 18 19 20 21 23 24 26 27 29 32 33 35 36 37 
45 4 8 32 1 2 3 4 5 6 7 8 9 11 12 13 14 15 16 17 18 19 20 21 22 23 25 26 27 28 30 31 33 34 36 37 
46 4 10 32 1 2 3 4 5 6 7 8 9 10 11 12 13 15 17 18 19 20 21 23 25 26 27 28 29 30 32 33 34 35 36 37 
47 4 1 30 4 5 6 7 8 10 11 12 13 14 15 17 18 19 20 21 22 25 26 27 28 29 30 31 32 33 34 35 36 37 
48 4 8 31 2 3 4 5 6 7 8 9 10 11 12 13 14 15 16 17 18 19 20 21 22 25 26 27 28 29 31 34 35 36 37 
49 4 1 34 2 4 5 6 7 8 9 10 11 12 13 14 15 16 17 18 19 20 21 22 23 24 25 26 27 28 29 30 31 32 34 35 36 37 
50 4 1 31 1 2 3 4 5 6 7 8 9 10 11 12 14 15 16 18 19 20 21 22 23 25 26 27 28 31 32 33 35 36 37 
