50 20
1 0 7 0 
2 0 2 0 
3 0 8 0 
4 0 4 0 
5 0 1 0 
6 0 11 0 
7 0 13 0 
8 0 18 0 
9 0 10 0 
10 0 2 0 
11 0 12 0 
12 0 5 0 
13 0 14 0 
14 0 9 0 
15 0 9 0 
16 0 14 0 
17 1 7 1 3 
18 1 1 1 2 
19 0 9 0 
20 2 12 1 17 
21 2 18 2 8 18 
22 0 9 0 
23 1 2 3 2 5 10 
24 0 7 0 
25 1 3 2 14 22 
26 1 15 1 14 
27 2 8 4 7 17 19 26 
28 0 2 0 
29 0 9 0 
30 0 6 0 
31 1 2 1 4 
32 3 13 2 7 27 
33 1 15 2 5 9 
34 1 7 1 9 
35 2 15 2 22 31 
36 1 18 1 6 
37 2 8 2 1 33 
38 1 11 1 16 
39 1 10 2 8 29 
40 1 5 1 13 
41 3 8 2 27 36 
42 1 4 1 14 
43 1 17 1 19 
44 1 14 2 12 29 
45 2 11 2 1 42 
46 1 8 2 2 6 
47 3 12 3 8 13 20 
48 2 7 4 1 11 14 23 
49 2 1 4 15 30 36 44 
50 3 16 2 39 45 
